time	V(n003)
Step Information: Temp=-10  (Step: 1/5)
0.000000000000000e+00	4.287848e-11
9.999999439624929e-11	-1.940296e-08
1.999999887924986e-10	-1.712460e-07
3.999999775849972e-10	-7.731671e-07
1.599999910339989e-09	-1.749029e-05
3.199999820679977e-09	-6.943631e-05
6.399999641359955e-09	-2.536192e-04
1.279999928271991e-08	-8.284457e-04
2.559999856543982e-08	-2.347782e-03
5.119999713087964e-08	-5.733694e-03
4.095999770470371e-07	-5.376057e-02
8.191999540940742e-07	-1.090570e-01
1.638399908188148e-06	-2.208745e-01
3.276799816376297e-06	-4.482920e-01
6.553599632752594e-06	-9.088212e-01
1.310719926550519e-05	-1.764381e+00
1.994484710550887e-05	-2.370900e+00
2.456795594726461e-05	-2.516290e+00
2.633938389238708e-05	-2.507171e+00
2.867995061050372e-05	-2.439776e+00
3.247158453838170e-05	-2.205374e+00
3.849557431262379e-05	-1.573877e+00
4.676819521101847e-05	-4.442776e-01
5.495197398677260e-05	6.155314e-01
6.495197398677260e-05	1.490258e+00
7.235421231249693e-05	1.765937e+00
7.550896341190235e-05	1.785770e+00
7.732870005137664e-05	1.770847e+00
8.028665032836426e-05	1.705199e+00
8.504760243231829e-05	1.491151e+00
9.244962591418137e-05	8.968754e-01
1.024496259141814e-04	-3.328893e-01
1.124496259141814e-04	-1.686985e+00
1.210430388869367e-04	-2.426926e+00
1.250037361455003e-04	-2.517410e+00
1.265060836349301e-04	-2.504277e+00
1.289509721956162e-04	-2.428004e+00
1.329080220348734e-04	-2.169202e+00
1.391748355663300e-04	-1.488106e+00
1.472980371669752e-04	-3.702430e-01
1.556914477720033e-04	6.985933e-01
1.656914477720033e-04	1.532336e+00
1.727123876215615e-04	1.771111e+00
1.756447927724166e-04	1.785362e+00
1.775498172010621e-04	1.767700e+00
1.806450698400551e-04	1.693827e+00
1.856180684853044e-04	1.456576e+00
1.933055871797562e-04	8.085960e-01
2.033055871797562e-04	-4.522556e-01
2.133055871797562e-04	-1.787076e+00
2.215098386262181e-04	-2.446801e+00
2.251852377101343e-04	-2.517164e+00
2.268016233683125e-04	-2.498647e+00
2.294312006871532e-04	-2.405297e+00
2.336795743467891e-04	-2.101162e+00
2.403667798554073e-04	-1.332690e+00
2.483231493072172e-04	-2.283103e-01
2.570804694767860e-04	8.473374e-01
2.670804694767859e-04	1.602584e+00
2.733536383580613e-04	1.778553e+00
2.758862340099732e-04	1.784287e+00
2.779427835435029e-04	1.761453e+00
2.812812712730164e-04	1.671714e+00
2.866262508791061e-04	1.390861e+00
2.947986639774176e-04	6.456141e-01
3.047986639774176e-04	-6.620336e-01
3.147986639774177e-04	-1.950224e+00
3.222783866605244e-04	-2.474217e+00
3.254801046611605e-04	-2.516026e+00
3.272817175680041e-04	-2.487338e+00
3.302104569961805e-04	-2.363009e+00
3.349261151442359e-04	-1.980558e+00
3.422663472877496e-04	-1.075179e+00
3.501056848852359e-04	1.315384e-02
3.594695785624589e-04	1.079392e+00
3.692511130496863e-04	1.689652e+00
3.742852072762923e-04	1.785027e+00
3.762341738222127e-04	1.782369e+00
3.785088511661118e-04	1.750811e+00
3.821957106587837e-04	1.635334e+00
3.880644442041511e-04	1.286810e+00
3.968817889739890e-04	4.006386e-01
4.068817889739890e-04	-9.545125e-01
4.168817889739890e-04	-2.149342e+00
4.232642791922681e-04	-2.499670e+00
4.258527041632076e-04	-2.513117e+00
4.278882177063608e-04	-2.469356e+00
4.311929943690220e-04	-2.300641e+00
4.364867129814226e-04	-1.812863e+00
4.445935670435549e-04	-7.499601e-01
4.524341411355276e-04	3.141169e-01
4.624341411355276e-04	1.323209e+00
4.710344086463909e-04	1.740416e+00
4.750003613514245e-04	1.786602e+00
4.765005883952206e-04	1.780115e+00
4.789420395866430e-04	1.741439e+00
4.828936485692995e-04	1.604479e+00
4.891525211202496e-04	1.200199e+00
4.984183843236962e-04	2.081615e-01
5.084183843236962e-04	-1.166627e+00
5.184183843236962e-04	-2.271837e+00
5.239368738510518e-04	-2.510598e+00
5.261043590661595e-04	-2.510269e+00
5.282976916403479e-04	-2.454830e+00
5.318548983871921e-04	-2.253182e+00
5.375300223820522e-04	-1.691583e+00
5.459936210738129e-04	-5.528048e-01
5.539214404025461e-04	4.955932e-01
5.639214404025461e-04	1.426439e+00
5.718336353740800e-04	1.757148e+00
5.753100227438102e-04	1.786344e+00
5.770048034601064e-04	1.775008e+00
5.797611300429740e-04	1.720688e+00
5.842082166391679e-04	1.538623e+00
5.911764832562429e-04	1.021176e+00
6.011764832562429e-04	-1.574656e-01
6.111764832562429e-04	-1.530197e+00
6.192900377262433e-04	-2.331200e+00
6.243012425574747e-04	-2.514289e+00
6.262401437724364e-04	-2.508443e+00
6.285185608197285e-04	-2.446173e+00
6.322113729933706e-04	-2.225875e+00
6.380889565695487e-04	-1.623915e+00
6.464561920553374e-04	-4.878422e-01
6.545202219164263e-04	5.659882e-01
6.645202219164264e-04	1.464334e+00
6.721392479529870e-04	1.762595e+00
6.754270481327112e-04	1.786086e+00
6.771953381919069e-04	1.772729e+00
6.800703398787156e-04	1.711823e+00
6.847025122563678e-04	1.511267e+00
6.919281277331263e-04	9.489131e-01
7.019281277331264e-04	-2.605301e-01
7.119281277331264e-04	-1.623693e+00
7.198231081383778e-04	-2.363639e+00
7.245187896809101e-04	-2.515792e+00
7.263210969763312e-04	-2.507194e+00
7.286502137972996e-04	-2.440786e+00
7.324236567691971e-04	-2.208983e+00
7.384207700187885e-04	-1.582975e+00
7.466982858978299e-04	-4.538599e-01
7.548667691142016e-04	6.059437e-01
7.648667691142016e-04	1.485359e+00
7.723121388721008e-04	1.765397e+00
7.754929552403990e-04	1.785958e+00
7.773026386316901e-04	1.771316e+00
7.802443870568347e-04	1.706638e+00
7.849802244628816e-04	1.495234e+00
7.923480201426852e-04	9.072711e-01
8.023480201426852e-04	-3.186117e-01
8.123480201426852e-04	-1.674573e+00
8.209862874084130e-04	-2.424114e+00
8.249815305478047e-04	-2.517151e+00
8.264931352442666e-04	-2.504262e+00
8.289299241791790e-04	-2.428695e+00
8.328741524273621e-04	-2.171841e+00
8.391222476455023e-04	-1.494595e+00
8.472597891993500e-04	-3.753910e-01
8.556345319307893e-04	6.924649e-01
8.656345319307893e-04	1.529342e+00
8.726852535195908e-04	1.770884e+00
8.756345296302081e-04	1.785519e+00
8.775331107440591e-04	1.768087e+00
8.806179999554557e-04	1.694837e+00
8.855750437843174e-04	1.459399e+00
8.932413029657901e-04	8.155094e-01
9.032413029657901e-04	-4.430579e-01
9.132413029657901e-04	-1.779495e+00
9.214754688157060e-04	-2.445167e+00
9.251719408256175e-04	-2.516955e+00
9.267799723310716e-04	-2.498840e+00
9.293960319277526e-04	-2.406819e+00
9.336231526579066e-04	-2.106071e+00
9.402800171974812e-04	-1.343979e+00
9.482402894417329e-04	-2.395168e-01
9.569747509766296e-04	8.365142e-01
9.669747509766296e-04	1.597781e+00
9.733061837547666e-04	1.778208e+00
9.758684319929615e-04	1.784516e+00
9.779138131800729e-04	1.762069e+00
9.812344055294615e-04	1.673565e+00
9.865521855735204e-04	1.396026e+00
9.946898641469712e-04	6.580312e-01
1.004689864146971e-03	-6.465217e-01
1.014689864146971e-03	-1.938633e+00
1.022224239130043e-03	-2.472263e+00
1.025459472884749e-03	-2.515885e+00
1.027248128112087e-03	-2.487974e+00
1.030155976013451e-03	-2.365925e+00
1.034839202098488e-03	-1.989144e+00
1.042135019174181e-03	-1.093067e+00
1.049981823774744e-03	-3.179363e-03
1.059300360249603e-03	1.064137e+00
1.069141019717727e-03	1.686031e+00
1.074239738691861e-03	1.784965e+00
1.076217243313270e-03	1.782623e+00
1.078481314436286e-03	1.751510e+00
1.082151287612431e-03	1.637327e+00
1.087994896845022e-03	1.292269e+00
1.096782387808024e-03	4.129261e-01
1.106782387808024e-03	-9.404311e-01
1.116782387808024e-03	-2.140441e+00
1.123219287715996e-03	-2.498499e+00
1.125835809333002e-03	-2.513043e+00
1.127860722473511e-03	-2.470011e+00
1.131148504371019e-03	-2.303442e+00
1.136416344017487e-03	-1.820556e+00
1.144489943706839e-03	-7.643533e-01
1.152327035241647e-03	3.008802e-01
1.162327035241647e-03	1.315415e+00
1.170974530191657e-03	1.739152e+00
1.174976926256296e-03	1.786721e+00
1.176491423911960e-03	1.780334e+00
1.178927142308161e-03	1.741905e+00
1.182869675633932e-03	1.605727e+00
1.189115295105092e-03	1.203416e+00
1.198366401254126e-03	2.150004e-01
1.208366401254126e-03	-1.159329e+00
1.218366401254126e-03	-2.267814e+00
1.223914778014128e-03	-2.510082e+00
1.226096114843368e-03	-2.510123e+00
1.228284279792201e-03	-2.455097e+00
1.231833239142184e-03	-2.254558e+00
1.237495993254264e-03	-1.695423e+00
1.245962859909789e-03	-5.569299e-01
1.253884705125645e-03	4.913863e-01
1.263884705125645e-03	1.424190e+00
1.271814594728981e-03	1.756918e+00
1.275302708288983e-03	1.786492e+00
1.276992894049257e-03	1.775271e+00
1.279741796665881e-03	1.721360e+00
1.284177273077361e-03	1.540422e+00
1.291129251289758e-03	1.025771e+00
1.301115766660813e-03	-1.490105e-01
1.311115766660813e-03	-1.522298e+00
1.319247824026578e-03	-2.328267e+00
1.324283851374547e-03	-2.513896e+00
1.326233668997966e-03	-2.508295e+00
1.328508030104248e-03	-2.446347e+00
1.332194386192554e-03	-2.226971e+00
1.338062371151719e-03	-1.626943e+00
1.346440633692417e-03	-4.898362e-01
1.354495217600409e-03	5.632528e-01
1.364495217600409e-03	1.462927e+00
1.372126662173515e-03	1.762518e+00
1.375422242268634e-03	1.786222e+00
1.377187513789136e-03	1.772963e+00
1.380057645788217e-03	1.712324e+00
1.384682242575013e-03	1.512562e+00
1.391897411802481e-03	9.520745e-01
1.401897411802481e-03	-2.561022e-01
1.411897411802482e-03	-1.619712e+00
1.419800923381290e-03	-2.362100e+00
1.424509809988762e-03	-2.515501e+00
1.426317756764002e-03	-2.506996e+00
1.428644782075518e-03	-2.440773e+00
1.432414901431045e-03	-2.209445e+00
1.438407100524336e-03	-1.584455e+00
1.446684360464927e-03	-4.556134e-01
1.454851221287740e-03	6.043219e-01
1.464851221287740e-03	1.484575e+00
1.472304443140335e-03	1.765401e+00
1.475490025890390e-03	1.786100e+00
1.477297869594350e-03	1.771505e+00
1.480236652786757e-03	1.707010e+00
1.484967891673629e-03	1.496089e+00
1.492329410929864e-03	9.092975e-01
1.502329410929864e-03	-3.158467e-01
1.512329410929864e-03	-1.672108e+00
1.520975861842640e-03	-2.423398e+00
1.524977447818061e-03	-2.516902e+00
1.526491617767140e-03	-2.504047e+00
1.528927457431667e-03	-2.428559e+00
1.532870182757829e-03	-2.171943e+00
1.539116082696452e-03	-1.495159e+00
1.547257718197881e-03	-3.754932e-01
1.555629407977447e-03	6.920615e-01
1.565629407977447e-03	1.529193e+00
1.572682807244784e-03	1.770984e+00
1.575633604150403e-03	1.785648e+00
1.577531604229555e-03	1.768242e+00
1.580615558826814e-03	1.695046e+00
1.585571163377824e-03	1.459782e+00
1.593235502941816e-03	8.162725e-01
1.603235502941816e-03	-4.420512e-01
1.613235502941816e-03	-1.778607e+00
1.621472362413750e-03	-2.444795e+00
1.625170738527296e-03	-2.516716e+00
1.626778014650212e-03	-2.498633e+00
1.629392851875962e-03	-2.406738e+00
1.633618050202265e-03	-2.106297e+00
1.640272167676488e-03	-1.344805e+00
1.648232116846365e-03	-2.404525e-01
1.656965575538697e-03	8.357127e-01
1.666965575538697e-03	1.597486e+00
1.673302055094793e-03	1.778293e+00
1.675866882733649e-03	1.784656e+00
1.677911291938606e-03	1.762238e+00
1.681230326597306e-03	1.673848e+00
1.686545737774263e-03	1.396600e+00
1.694680385700334e-03	6.592601e-01
1.704680385700334e-03	-6.449928e-01
1.714680385700334e-03	-1.937407e+00
1.722219508577008e-03	-2.471871e+00
1.725457669458711e-03	-2.515647e+00
1.727245192030369e-03	-2.487809e+00
1.730151213486978e-03	-2.365957e+00
1.734831602702380e-03	-1.989683e+00
1.742123528031787e-03	-1.094437e+00
1.749972378646256e-03	-4.262661e-03
1.759286438917810e-03	1.063015e+00
1.769131920623102e-03	1.685847e+00
1.774235973100743e-03	1.785080e+00
1.776215841000549e-03	1.782761e+00
1.778479033597245e-03	1.751689e+00
1.782147607805141e-03	1.637612e+00
1.787989134331219e-03	1.292853e+00
1.796774145434698e-03	4.140955e-01
1.806774145434698e-03	-9.390730e-01
1.816774145434698e-03	-2.139486e+00
1.823215548392742e-03	-2.498175e+00
1.825834404774488e-03	-2.512815e+00
1.827858436619457e-03	-2.469840e+00
1.831144805392825e-03	-2.303456e+00
1.836410492087167e-03	-1.820984e+00
1.844481320523877e-03	-7.653691e-01
1.852318089675108e-03	2.999319e-01
1.862318089675108e-03	1.314890e+00
1.870969514479857e-03	1.739167e+00
1.874974961617655e-03	1.786848e+00
1.876490693690772e-03	1.780472e+00
1.878925955287507e-03	1.742060e+00
1.882867765369428e-03	1.605952e+00
1.889112328315785e-03	1.203804e+00
1.898362256551277e-03	2.157071e-01
1.908362256551277e-03	-1.158555e+00
1.918362256551277e-03	-2.267271e+00
1.923913014418840e-03	-2.509818e+00
1.926095456768493e-03	-2.509885e+00
1.928283209216325e-03	-2.454896e+00
1.931831510170381e-03	-2.254447e+00
1.937493276511101e-03	-1.695525e+00
1.945959372555553e-03	-5.572234e-01
1.953881839301585e-03	4.912095e-01
1.963881839301585e-03	1.424145e+00
1.971813107874572e-03	1.757018e+00
1.975302136995003e-03	1.786624e+00
1.976991963865485e-03	1.775409e+00
1.979740286604204e-03	1.721535e+00
1.984174856002636e-03	1.540687e+00
1.991125561020684e-03	1.026270e+00
2.001110849700662e-03	-1.481589e-01
2.011110849700662e-03	-1.521454e+00
2.019244916686740e-03	-2.327843e+00
2.024282652696220e-03	-2.513639e+00
2.026233222707834e-03	-2.508059e+00
2.028507304243441e-03	-2.446132e+00
2.032193215291616e-03	-2.226827e+00
2.038060538434244e-03	-1.626943e+00
2.046441788237469e-03	-4.894832e-01
2.054495170326800e-03	5.634135e-01
2.064495170326800e-03	1.463061e+00
2.072126638364291e-03	1.762649e+00
2.075422233176049e-03	1.786349e+00
2.077187498985522e-03	1.773095e+00
2.080057621770937e-03	1.712454e+00
2.084682204222793e-03	1.512703e+00
2.091897353676144e-03	9.522316e-01
2.101897353676144e-03	-2.559057e-01
2.111897353676144e-03	-1.619484e+00
2.119801261224403e-03	-2.361877e+00
2.124509946783718e-03	-2.515259e+00
2.126317807648904e-03	-2.506749e+00
2.128644864822817e-03	-2.440530e+00
2.132415034812575e-03	-2.209196e+00
2.138407308779843e-03	-1.584209e+00
2.146683910187436e-03	-4.554828e-01
2.154851810468823e-03	6.045508e-01
2.164851810468823e-03	1.484750e+00
2.172304734871729e-03	1.765534e+00
2.175490136943977e-03	1.786230e+00
2.177298050391884e-03	1.771631e+00
2.180236946000691e-03	1.707135e+00
2.184968359235960e-03	1.496197e+00
2.192330116509004e-03	9.093828e-01
2.202330116509004e-03	-3.157579e-01
2.212330116509004e-03	-1.671968e+00
2.220976257312167e-03	-2.423176e+00
2.224977602706463e-03	-2.516656e+00
2.226491675336385e-03	-2.503804e+00
2.228927551013987e-03	-2.428312e+00
2.232870333358377e-03	-2.171696e+00
2.239116316586475e-03	-1.494908e+00
2.247259728791349e-03	-3.750247e-01
2.255631057432366e-03	6.924064e-01
2.265631057432366e-03	1.529419e+00
2.272683594789396e-03	1.771126e+00
2.275633902099668e-03	1.785775e+00
2.277532089237464e-03	1.768366e+00
2.280616344726340e-03	1.695150e+00
2.285572412648851e-03	1.459844e+00
2.293237370260908e-03	8.162320e-01
2.303237370260908e-03	-4.421194e-01
2.313237370260908e-03	-1.778596e+00
2.321473362618233e-03	-2.444592e+00
2.325171125654453e-03	-2.516473e+00
2.326778645002507e-03	-2.498375e+00
2.329393875820463e-03	-2.406447e+00
2.333619693153234e-03	-2.105913e+00
2.340274695218941e-03	-1.344257e+00
2.348234389474767e-03	-2.399521e-01
2.356969274862738e-03	8.362530e-01
2.366969274862738e-03	1.597797e+00
2.373303719868166e-03	1.778438e+00
2.375867507440266e-03	1.784783e+00
2.377912308577446e-03	1.762349e+00
2.381231971348418e-03	1.673922e+00
2.386548337755733e-03	1.396564e+00
2.394684207877421e-03	6.589938e-01
2.404684207877421e-03	-6.453354e-01
2.414684207877421e-03	-1.937576e+00
2.422221416426889e-03	-2.471691e+00
2.425458396805696e-03	-2.515398e+00
2.427246376193702e-03	-2.487537e+00
2.430153134287105e-03	-2.365604e+00
2.434834667689915e-03	-1.989143e+00
2.442128162796914e-03	-1.093589e+00
2.449977896133210e-03	-3.347705e-03
2.459293280660589e-03	1.063793e+00
2.469136393238991e-03	1.686132e+00
2.474237824205918e-03	1.785219e+00
2.476216530358703e-03	1.782883e+00
2.478480154827915e-03	1.751797e+00
2.482149416755889e-03	1.637669e+00
2.487991967145435e-03	1.292783e+00
2.496778197451053e-03	4.137694e-01
2.506778197451053e-03	-9.394329e-01
2.516778197451053e-03	-2.139607e+00
2.523217386839368e-03	-2.497968e+00
2.525835095336527e-03	-2.512565e+00
2.527859560477764e-03	-2.469559e+00
2.531146624029450e-03	-2.303095e+00
2.536413369267918e-03	-1.820433e+00
2.544485560339535e-03	-7.645733e-01
2.552322658430135e-03	3.006776e-01
2.562322658430135e-03	1.315372e+00
2.570972076428599e-03	1.739359e+00
2.574975965156043e-03	1.786976e+00
2.576491066688144e-03	1.780599e+00
2.578926561618536e-03	1.742176e+00
2.582868741135649e-03	1.606042e+00
2.589113843765137e-03	1.203824e+00
2.598364373717825e-03	2.156109e-01
2.608364373717826e-03	-1.158635e+00
2.618364373717826e-03	-2.267187e+00
2.623913915319894e-03	-2.509586e+00
2.626095792935298e-03	-2.509636e+00
2.628283756102679e-03	-2.454634e+00
2.631832393388794e-03	-2.254143e+00
2.637494664323320e-03	-1.695136e+00
2.645960324802515e-03	-5.568941e-01
2.653883851748270e-03	4.916142e-01
2.663883851748270e-03	1.424417e+00
2.671814151999277e-03	1.757167e+00
2.675302538180790e-03	1.786753e+00
2.676992617078255e-03	1.775530e+00
2.679741347031202e-03	1.721637e+00
2.684176553374011e-03	1.540731e+00
2.691128152495744e-03	1.026179e+00
2.701114302661777e-03	-1.484464e-01
2.711114302661777e-03	-1.521670e+00
2.719247869463285e-03	-2.327794e+00
2.724283870106885e-03	-2.513405e+00
2.726233675972343e-03	-2.507810e+00
2.728508041447596e-03	-2.445860e+00
2.732194404490705e-03	-2.226498e+00
2.738062399792161e-03	-1.626492e+00
2.746444806672025e-03	-4.888679e-01
2.754498537390114e-03	5.639697e-01
2.764498537390114e-03	1.463406e+00
2.772128334041282e-03	1.762809e+00
2.775422880733806e-03	1.786476e+00
2.777188553272423e-03	1.773211e+00
2.780059332235701e-03	1.712534e+00
2.784684935576759e-03	1.512685e+00
2.791901493212774e-03	9.519784e-01
2.801901493212774e-03	-2.562893e-01
2.811901493212774e-03	-1.619771e+00
2.819804716382884e-03	-2.361838e+00
2.824511345717707e-03	-2.515024e+00
2.826318328022195e-03	-2.506497e+00
2.828645711035685e-03	-2.440253e+00
2.832416398831426e-03	-2.208849e+00
2.838409438475189e-03	-1.583725e+00
2.846685844929714e-03	-4.550193e-01
2.854854869300931e-03	6.050634e-01
2.864854869300931e-03	1.485071e+00
2.872306249312930e-03	1.765687e+00
2.875490713438232e-03	1.786358e+00
2.877298988936208e-03	1.771747e+00
2.880238468110690e-03	1.707220e+00
2.884970786392539e-03	1.496192e+00
2.892333779150168e-03	9.091704e-01
2.902333779150168e-03	-3.160783e-01
2.912333779150168e-03	-1.672185e+00
2.920978309957512e-03	-2.423029e+00
2.924978406614541e-03	-2.516412e+00
2.926491974134603e-03	-2.503556e+00
2.928928036728514e-03	-2.428048e+00
2.932871115009727e-03	-2.171396e+00
2.939117530522456e-03	-1.494534e+00
2.947262005289235e-03	-3.745185e-01
2.955633597495966e-03	6.928490e-01
2.965633597495966e-03	1.529694e+00
2.972684807445166e-03	1.771273e+00
2.975634360872952e-03	1.785902e+00
2.977532836037728e-03	1.768485e+00
2.980617554827383e-03	1.695242e+00
2.985574336216910e-03	1.459864e+00
2.993240245395685e-03	8.160864e-01
3.003240245395685e-03	-4.423296e-01
3.013240245395685e-03	-1.778701e+00
3.021474902464409e-03	-2.444412e+00
3.025171721631888e-03	-2.516228e+00
3.026779615421886e-03	-2.498111e+00
3.029395452166641e-03	-2.406128e+00
3.033622222427913e-03	-2.105448e+00
3.040278586188799e-03	-1.343528e+00
3.048238297364343e-03	-2.392275e-01
3.056974748904096e-03	8.369784e-01
3.066974748904096e-03	1.598189e+00
3.073306182822373e-03	1.778591e+00
3.075868431643093e-03	1.784908e+00
3.077913812610703e-03	1.762453e+00
3.081234404608325e-03	1.673967e+00
3.086552184117456e-03	1.396443e+00
3.094689862006639e-03	6.585209e-01
3.104689862006639e-03	-6.459352e-01
3.114689862006639e-03	-1.937938e+00
3.122224238062076e-03	-2.471539e+00
3.125459472477626e-03	-2.515148e+00
3.127248127449268e-03	-2.487249e+00
3.130155974938318e-03	-2.365199e+00
3.134839200382968e-03	-1.988455e+00
3.142135016580271e-03	-1.092437e+00
3.149985312344608e-03	-2.179060e-03
3.159302949486610e-03	1.064828e+00
3.169142711359962e-03	1.686481e+00
3.174240438635414e-03	1.785360e+00
3.176217503970524e-03	1.783004e+00
3.178481738390455e-03	1.751896e+00
3.182151971596883e-03	1.637694e+00
3.187995967927114e-03	1.292622e+00
3.196783919717899e-03	4.132403e-01
3.206783919717899e-03	-9.400268e-01
3.216783919717899e-03	-2.139875e+00
3.223219982552665e-03	-2.497778e+00
3.225836070319627e-03	-2.512313e+00
3.227861147216727e-03	-2.469264e+00
3.231149191688132e-03	-2.302682e+00
3.236417431358021e-03	-1.819749e+00
3.244491545872787e-03	-7.635315e-01
3.252329159334721e-03	3.016648e-01
3.262329159334721e-03	1.315998e+00
3.270975720822869e-03	1.739576e+00
3.274977392586309e-03	1.787105e+00
3.276491597238486e-03	1.780724e+00
3.278927424061086e-03	1.742286e+00
3.282870129055060e-03	1.606113e+00
3.289115999293320e-03	1.203792e+00
3.298367384988836e-03	2.153995e-01
3.308367384988836e-03	-1.158836e+00
3.318367384988836e-03	-2.267168e+00
3.323915196558676e-03	-2.509359e+00
3.326096271019496e-03	-2.509386e+00
3.328284533864022e-03	-2.454363e+00
3.331833649464859e-03	-2.253811e+00
3.337496637989388e-03	-1.694678e+00
3.345962250155439e-03	-5.564285e-01
3.353886733249628e-03	4.921226e-01
3.363886733249629e-03	1.424745e+00
3.371815646839646e-03	1.757324e+00
3.375303112530917e-03	1.786881e+00
3.376993552237888e-03	1.775648e+00
3.379742865167676e-03	1.721726e+00
3.384178983354904e-03	1.540736e+00
3.391131862380200e-03	1.025982e+00
3.401119245434390e-03	-1.489367e-01
3.411119245434390e-03	-1.522076e+00
3.419251851356874e-03	-2.327810e+00
3.424285511623127e-03	-2.513175e+00
3.426234287135036e-03	-2.507558e+00
3.428509035461506e-03	-2.445577e+00
3.432196007947429e-03	-2.226136e+00
3.438064909515707e-03	-1.625963e+00
3.446447922236524e-03	-4.882387e-01
3.454502391675326e-03	5.645818e-01
3.464502391675326e-03	1.463782e+00
3.472130274749912e-03	1.762971e+00
3.475423621841073e-03	1.786603e+00
3.477189759866469e-03	1.773326e+00
3.480061289794707e-03	1.712607e+00
3.484688061458619e-03	1.512645e+00
3.491906230474337e-03	9.516668e-01
3.501906230474337e-03	-2.567558e-01
3.511906230474337e-03	-1.620130e+00
3.519808631000599e-03	-2.361826e+00
3.524512930496198e-03	-2.514790e+00
3.526318917522770e-03	-2.506244e+00
3.528646669659860e-03	-2.439971e+00
3.532417944039413e-03	-2.208488e+00
3.538411851028266e-03	-1.583205e+00
3.546688336077616e-03	-4.544785e-01
3.554858384546162e-03	6.056286e-01
3.564858384546162e-03	1.485418e+00
3.572307989454794e-03	1.765844e+00
3.575491375829925e-03	1.786485e+00
3.577300067322800e-03	1.771862e+00
3.580240217007540e-03	1.707298e+00
3.584973575146928e-03	1.496166e+00
3.592337987283304e-03	9.089026e-01
3.602337987283304e-03	-3.164741e-01
3.612337987283304e-03	-1.672467e+00
3.620980667844540e-03	-2.422896e+00
3.624979330017645e-03	-2.516168e+00
3.626492317346938e-03	-2.503307e+00
3.628928594640460e-03	-2.427781e+00
3.632872012844234e-03	-2.171085e+00
3.639118924881423e-03	-1.494137e+00
3.647264200630768e-03	-3.740235e-01
3.655636248114870e-03	6.933033e-01
3.665636248114870e-03	1.529976e+00
3.672686072730557e-03	1.771420e+00
3.675634839548161e-03	1.786028e+00
3.677533615234389e-03	1.768604e+00
3.680618817419216e-03	1.695332e+00
3.685576343202652e-03	1.459878e+00
3.693243245117889e-03	8.159277e-01
3.703243245117889e-03	-4.425577e-01
3.713243245117889e-03	-1.778820e+00
3.721476508802044e-03	-2.444234e+00
3.725172343322061e-03	-2.515983e+00
3.726780627708697e-03	-2.497847e+00
3.729397096517722e-03	-2.405806e+00
3.733624860789129e-03	-2.104974e+00
3.740282644835754e-03	-1.342777e+00
3.748242517049952e-03	-2.384604e-01
3.756980476056346e-03	8.377302e-01
3.766980476056346e-03	1.598594e+00
3.773308759047839e-03	1.778746e+00
3.775869398322787e-03	1.785033e+00
3.777915385768181e-03	1.762556e+00
3.781236949681603e-03	1.674007e+00
3.786556207132044e-03	1.396310e+00
3.794695775399733e-03	6.580182e-01
3.804695775399733e-03	-6.465715e-01
3.814695775399733e-03	-1.938328e+00
3.822227188265470e-03	-2.471391e+00
3.825460597104376e-03	-2.514898e+00
3.827249958404676e-03	-2.486959e+00
3.830158944849667e-03	-2.364787e+00
3.834843939221885e-03	-1.987745e+00
3.842142181569504e-03	-1.091242e+00
3.849992930241942e-03	-9.836159e-04
3.859313003397042e-03	1.065898e+00
3.869149277851153e-03	1.686837e+00
3.874243155239318e-03	1.785501e+00
3.876218515618389e-03	1.783125e+00
3.878483383814926e-03	1.751992e+00
3.882154626220076e-03	1.637716e+00
3.888000124845253e-03	1.292449e+00
3.896789864816889e-03	4.126841e-01
3.906789864816888e-03	-9.406520e-01
3.916789864816888e-03	-2.140162e+00
3.923222678670415e-03	-2.497591e+00
3.925837082984491e-03	-2.512060e+00
3.927862795278897e-03	-2.468967e+00
3.931151858561123e-03	-2.302263e+00
3.936421650303414e-03	-1.819048e+00
3.944497762080615e-03	-7.624572e-01
3.952335956357282e-03	3.026887e-01
3.962335956357282e-03	1.316645e+00
3.970979529945242e-03	1.739796e+00
3.974978884396806e-03	1.787234e+00
3.976492151717688e-03	1.780848e+00
3.978928325400374e-03	1.742395e+00
3.982871579562903e-03	1.606180e+00
3.989118251986796e-03	1.203752e+00
3.998370531847736e-03	2.151704e-01
4.008370531847736e-03	-1.159056e+00
4.018370531847735e-03	-2.267160e+00
4.023916535332699e-03	-2.509133e+00
4.026096770567802e-03	-2.509136e+00
4.028285346543141e-03	-2.454091e+00
4.031834961927523e-03	-2.253476e+00
4.037498700227736e-03	-1.694209e+00
4.045964457016054e-03	-5.559238e-01
4.053889814242611e-03	4.926547e-01
4.063889814242611e-03	1.425085e+00
4.071817244937433e-03	1.757483e+00
4.075303726535395e-03	1.787009e+00
4.076994551962652e-03	1.775766e+00
4.079744488114298e-03	1.721812e+00
4.084181581068939e-03	1.540732e+00
4.091135828204519e-03	1.025761e+00
4.101124528692151e-03	-1.494733e-01
4.111124528692151e-03	-1.522525e+00
4.119256064716911e-03	-2.327841e+00
4.124287248319439e-03	-2.512946e+00
4.126234933729590e-03	-2.507306e+00
4.128510087101647e-03	-2.445293e+00
4.132197704352488e-03	-2.225767e+00
4.138067564673310e-03	-1.625416e+00
4.146450984324842e-03	-4.876170e-01
4.154506318353988e-03	5.652019e-01
4.164506318353987e-03	1.464162e+00
4.172132251540501e-03	1.763134e+00
4.175424376699708e-03	1.786730e+00
4.177190988848474e-03	1.773439e+00
4.180063283667479e-03	1.712679e+00
4.184691245278631e-03	1.512601e+00
4.191911055314190e-03	9.513465e-01
4.201911055314190e-03	-2.572348e-01
4.211911055314189e-03	-1.620500e+00
4.219812619740075e-03	-2.361819e+00
4.224514545082461e-03	-2.514556e+00
4.226319518108018e-03	-2.505992e+00
4.228647646308357e-03	-2.439689e+00
4.232419518292362e-03	-2.208126e+00
4.238414308886052e-03	-1.582679e+00
4.246690996377133e-03	-4.539144e-01
4.254862008849277e-03	6.062061e-01
4.264862008849277e-03	1.485772e+00
4.272309783279385e-03	1.766001e+00
4.275492058635089e-03	1.786612e+00
4.277301178942362e-03	1.771976e+00
4.280242019793760e-03	1.707374e+00
4.284976449791316e-03	1.496135e+00
4.292342324832994e-03	9.086216e-01
4.302342324832994e-03	-3.168879e-01
4.312342324832993e-03	-1.672765e+00
4.320983097723203e-03	-2.422767e+00
4.324980281556961e-03	-2.515925e+00
4.326492671016950e-03	-2.503058e+00
4.328929169551523e-03	-2.427514e+00
4.332872938031877e-03	-2.170772e+00
4.339120361704678e-03	-1.493735e+00
4.347266335213668e-03	-3.735370e-01
4.355638907364956e-03	6.937582e-01
4.365638907364956e-03	1.530259e+00
4.372687341981397e-03	1.771566e+00
4.375635319714356e-03	1.786155e+00
4.377534396857743e-03	1.768721e+00
4.380620083939388e-03	1.695421e+00
4.385578356410928e-03	1.459892e+00
4.393246254042022e-03	8.157681e-01
4.403246254042021e-03	-4.427873e-01
4.413246254042021e-03	-1.778940e+00
4.421478119826976e-03	-2.444057e+00
4.425172966803862e-03	-2.515739e+00
4.426781642912615e-03	-2.497583e+00
4.429398745602793e-03	-2.405483e+00
4.433627506716788e-03	-2.104499e+00
4.440286714979980e-03	-1.342024e+00
4.448246812111272e-03	-2.376834e-01
4.456986237436115e-03	8.384852e-01
4.466986237436115e-03	1.598999e+00
4.473311350038923e-03	1.778900e+00
4.475870370514968e-03	1.785157e+00
4.477916967894554e-03	1.762658e+00
4.481239509246918e-03	1.674046e+00
4.486560252955791e-03	1.396176e+00
4.494701721891959e-03	6.575115e-01
4.504701721891958e-03	-6.472124e-01
4.514701721891958e-03	-1.938721e+00
4.522230154142452e-03	-2.471244e+00
4.525461727645909e-03	-2.514649e+00
4.527251798988228e-03	-2.486669e+00
4.530161930359604e-03	-2.364375e+00
4.534848702838381e-03	-1.987033e+00
4.542149383503647e-03	-1.090042e+00
4.550000543511280e-03	2.109405e-04
4.559323098335257e-03	1.066971e+00
4.569155867791743e-03	1.687195e+00
4.574245880929353e-03	1.785642e+00
4.576219530635959e-03	1.783246e+00
4.578485034717045e-03	1.752089e+00
4.582157289657235e-03	1.637738e+00
4.588004295443831e-03	1.292275e+00
4.596795828981475e-03	4.121255e-01
4.606795828981475e-03	-9.412801e-01
4.616795828981475e-03	-2.140450e+00
4.623225382742856e-03	-2.497403e+00
4.625838098605024e-03	-2.511807e+00
4.627864448149136e-03	-2.468671e+00
4.631154533195202e-03	-2.301842e+00
4.636425881420398e-03	-1.818345e+00
4.644503995758000e-03	-7.613805e-01
4.652342795957324e-03	3.037173e-01
4.662342795957323e-03	1.317295e+00
4.670983361613306e-03	1.740016e+00
4.674980384892694e-03	1.787363e+00
4.676492709424976e-03	1.780972e+00
4.678929231985964e-03	1.742504e+00
4.682873038505614e-03	1.606247e+00
4.689120517740170e-03	1.203710e+00
4.698373696793761e-03	2.149387e-01
4.708373696793761e-03	-1.159278e+00
4.718373696793760e-03	-2.267153e+00
4.723917881642019e-03	-2.508907e+00
4.726097272922964e-03	-2.508886e+00
4.728286163787848e-03	-2.453818e+00
4.731836281758143e-03	-2.253140e+00
4.737500774014607e-03	-1.693739e+00
4.745966760019087e-03	-5.554058e-01
4.753892951110203e-03	4.931934e-01
4.763892951110202e-03	1.425429e+00
4.771818871769681e-03	1.757643e+00
4.775304351559356e-03	1.787137e+00
4.776995569629093e-03	1.775883e+00
4.779746140182254e-03	1.721897e+00
4.784184225363674e-03	1.540725e+00
4.791139864992463e-03	1.025533e+00
4.801129905946113e-03	-1.500228e-01
4.811129905946112e-03	-1.522986e+00
4.819260341469329e-03	-2.327876e+00
4.824289010892237e-03	-2.512717e+00
4.826235589952847e-03	-2.507053e+00
4.828511154400881e-03	-2.445009e+00
4.832199426007528e-03	-2.225396e+00
4.838070259300595e-03	-1.624864e+00
4.846454008612372e-03	-4.870007e-01
4.854510253068972e-03	5.658226e-01
4.864510253068972e-03	1.464542e+00
4.872134232002743e-03	1.763297e+00
4.875425132932680e-03	1.786856e+00
4.877192220067429e-03	1.773553e+00
4.880065281161222e-03	1.712751e+00
4.884694434831392e-03	1.512557e+00
4.891915888612080e-03	9.510252e-01
4.901915888612079e-03	-2.577152e-01
4.911915888612079e-03	-1.620871e+00
4.919816619450693e-03	-2.361813e+00
4.924516163907746e-03	-2.514322e+00
4.926320120266926e-03	-2.505739e+00
4.928648625514694e-03	-2.439407e+00
4.932421096659687e-03	-2.207763e+00
4.938416773123404e-03	-1.582152e+00
4.946693715520016e-03	-4.533423e-01
4.954865663933946e-03	6.067870e-01
4.964865663933946e-03	1.486127e+00
4.972311592026726e-03	1.766159e+00
4.975492747098843e-03	1.786739e+00
4.977302299773636e-03	1.772090e+00
4.980243837512103e-03	1.707450e+00
4.984979348203798e-03	1.496103e+00
4.992346698052606e-03	9.083368e-01
5.000000000000000e-03	2.371222e-03
