Step Information: Temp=30  (Step: 3/5)
0.000000000000000e+00	2.680449e-11
9.999999439624929e-11	-3.078117e-08
1.999999887924986e-10	-1.742534e-07
3.999999775849972e-10	-7.209760e-07
1.599999910339989e-09	-1.536487e-05
3.199999820679977e-09	-6.245550e-05
6.399999641359955e-09	-2.333812e-04
1.279999928271991e-08	-7.879657e-04
2.559999856543982e-08	-2.329354e-03
5.119999713087964e-08	-5.920758e-03
1.023999942617593e-07	-1.330614e-02
8.191999540940742e-07	-1.171235e-01
1.638399908188148e-06	-2.370719e-01
3.276799816376297e-06	-4.797970e-01
6.553599632752594e-06	-9.665553e-01
1.310719926550519e-05	-1.855363e+00
1.791757209717294e-05	-2.334339e+00
2.227245234353783e-05	-2.537764e+00
2.443422028358581e-05	-2.553863e+00
2.628963529454053e-05	-2.550234e+00
2.859905061375882e-05	-2.527019e+00
3.052770842952774e-05	-2.449485e+00
3.262943079731973e-05	-2.299776e+00
3.379856115890663e-05	-2.190110e+00
3.496469860113159e-05	-2.076249e+00
3.567619882829988e-05	-1.997265e+00
3.634672618157344e-05	-1.923979e+00
3.754135186662440e-05	-1.779460e+00
3.872166104148249e-05	-1.631962e+00
4.108227939119866e-05	-1.309685e+00
4.470896505745706e-05	-7.839853e-01
5.196233638997386e-05	2.764280e-01
6.196233638997386e-05	1.418074e+00
7.076820186931782e-05	1.928452e+00
7.489589941555238e-05	1.986991e+00
7.646130727543186e-05	1.981920e+00
7.887818419016976e-05	1.936736e+00
8.279087642865166e-05	1.785317e+00
8.899285723482923e-05	1.334463e+00
9.819512817137635e-05	2.572283e-01
1.081951281713763e-04	-1.205576e+00
1.181951281713763e-04	-2.355450e+00
1.238416696762960e-04	-2.550786e+00
1.260688277350262e-04	-2.552306e+00
1.282398873300272e-04	-2.531741e+00
1.305997443300467e-04	-2.448268e+00
1.331724589461084e-04	-2.249429e+00
1.340110146618588e-04	-2.171702e+00
1.350430845880752e-04	-2.066013e+00
1.358840669006100e-04	-1.975869e+00
1.366595589475479e-04	-1.885964e+00
1.379816631804678e-04	-1.726086e+00
1.406258716463075e-04	-1.373912e+00
1.442087052954438e-04	-8.576840e-01
1.513743725937162e-04	1.943205e-01
1.613743725937162e-04	1.366805e+00
1.704274490766525e-04	1.917890e+00
1.747611060719715e-04	1.987361e+00
1.764112019174669e-04	1.981985e+00
1.787967248240194e-04	1.939353e+00
1.826597152681800e-04	1.791686e+00
1.887888045128809e-04	1.353635e+00
1.979086761305509e-04	2.963209e-01
2.079086761305509e-04	-1.163986e+00
2.179086761305509e-04	-2.333877e+00
2.237183180772650e-04	-2.549984e+00
2.260227524414614e-04	-2.552687e+00
2.281649245614039e-04	-2.532629e+00
2.306930233543308e-04	-2.443206e+00
2.333404322449757e-04	-2.233435e+00
2.341200616711326e-04	-2.161427e+00
2.351226664936575e-04	-2.057139e+00
2.361747844126861e-04	-1.943372e+00
2.372245464692888e-04	-1.818162e+00
2.386715189111492e-04	-1.638196e+00
2.415654637948701e-04	-1.241318e+00
2.455457625293258e-04	-6.590988e-01
2.535063599982372e-04	4.848970e-01
2.635063599982372e-04	1.544022e+00
2.716164806011272e-04	1.950191e+00
2.752264308885275e-04	1.987101e+00
2.768686968122718e-04	1.977323e+00
2.795401377368729e-04	1.918283e+00
2.838542578185564e-04	1.726032e+00
2.906349849608388e-04	1.175346e+00
3.004531649482422e-04	-6.299897e-02
3.104531649482422e-04	-1.518988e+00
3.198727170522352e-04	-2.464570e+00
3.245388473810474e-04	-2.553551e+00
3.263285575751184e-04	-2.550521e+00
3.286623457972973e-04	-2.524783e+00
3.307413056194514e-04	-2.437556e+00
3.325646176419684e-04	-2.303726e+00
3.335775751513258e-04	-2.212053e+00
3.346281193853205e-04	-2.109732e+00
3.352498099286682e-04	-2.044334e+00
3.358432302357392e-04	-1.979917e+00
3.368305305045143e-04	-1.865999e+00
3.383436268130570e-04	-1.679703e+00
3.413698194301423e-04	-1.269697e+00
3.467438733921246e-04	-4.797180e-01
3.567438733921245e-04	8.876474e-01
3.667438733921246e-04	1.758446e+00
3.732018034726349e-04	1.977297e+00
3.758292413982276e-04	1.985711e+00
3.778500334282533e-04	1.961177e+00
3.811312069986271e-04	1.862147e+00
3.863889771402986e-04	1.554308e+00
3.944496092787460e-04	7.467096e-01
4.044496092787460e-04	-6.541890e-01
4.144496092787461e-04	-2.008335e+00
4.211264986667647e-04	-2.514611e+00
4.242446244251173e-04	-2.553479e+00
4.262190627290634e-04	-2.550288e+00
4.284842736779104e-04	-2.529395e+00
4.303691486015466e-04	-2.457743e+00
4.324869309399350e-04	-2.312038e+00
4.337353623618505e-04	-2.195389e+00
4.347542812712997e-04	-2.098234e+00
4.354470494037875e-04	-2.021668e+00
4.361056001336179e-04	-1.951568e+00
4.370705203265102e-04	-1.836162e+00
4.379976421952853e-04	-1.724618e+00
4.397922126974467e-04	-1.487365e+00
4.421170765648027e-04	-1.164241e+00
4.467668042995149e-04	-4.748930e-01
4.560662597689393e-04	8.061190e-01
4.660662597689393e-04	1.720815e+00
4.728893301210294e-04	1.971839e+00
4.757116192241160e-04	1.987714e+00
4.776585938031682e-04	1.963426e+00
4.808212797589935e-04	1.875904e+00
4.858978877708310e-04	1.589465e+00
4.937225614504077e-04	8.358465e-01
5.037225614504077e-04	-5.469902e-01
5.137225614504077e-04	-1.925738e+00
5.190106595151414e-04	-2.413476e+00
5.228768829389955e-04	-2.544592e+00
5.257069237592438e-04	-2.553339e+00
5.276509510198653e-04	-2.539961e+00
5.302346116315595e-04	-2.468169e+00
5.331814460269454e-04	-2.249053e+00
5.341050527044630e-04	-2.161555e+00
5.351376620630136e-04	-2.056368e+00
5.357914113008579e-04	-1.985334e+00
5.364350541577961e-04	-1.912376e+00
5.377223398716725e-04	-1.757729e+00
5.402969112994252e-04	-1.419629e+00
5.454460541549308e-04	-6.729363e-01
5.554460541549308e-04	7.318819e-01
5.654460541549308e-04	1.681291e+00
5.725948896314762e-04	1.968565e+00
5.756003199458711e-04	1.987080e+00
5.774774226575782e-04	1.967734e+00
5.805277546263285e-04	1.885963e+00
5.854315364505686e-04	1.623764e+00
5.930265603517483e-04	9.163160e-01
6.030265603517483e-04	-4.422083e-01
6.130265603517483e-04	-1.845309e+00
6.199164721645888e-04	-2.466749e+00
6.236272464091978e-04	-2.550457e+00
6.259887038622765e-04	-2.551765e+00
6.281095253327901e-04	-2.534841e+00
6.301797887927347e-04	-2.469291e+00
6.326509154961034e-04	-2.296950e+00
6.338460629434285e-04	-2.185575e+00
6.349384925191346e-04	-2.078161e+00
6.356283846987616e-04	-2.002466e+00
6.362764624720406e-04	-1.931296e+00
6.375726180185984e-04	-1.775505e+00
6.388837653556238e-04	-1.610110e+00
6.415060600296748e-04	-1.249659e+00
6.461260820871222e-04	-5.721424e-01
6.553661262020169e-04	7.227825e-01
6.653661262020170e-04	1.675487e+00
6.725563305165781e-04	1.968692e+00
6.755857076870985e-04	1.986471e+00
6.774536356186139e-04	1.968867e+00
6.804892007301582e-04	1.886738e+00
6.853701949184712e-04	1.628743e+00
6.929346181182290e-04	9.262732e-01
7.029346181182290e-04	-4.278218e-01
7.129346181182290e-04	-1.834878e+00
7.203187194761238e-04	-2.485590e+00
7.239806987908737e-04	-2.552292e+00
7.261207068983536e-04	-2.550904e+00
7.283242860327296e-04	-2.531780e+00
7.302774569424914e-04	-2.463253e+00
7.325391022125294e-04	-2.306939e+00
7.337362571899179e-04	-2.195536e+00
7.347278975632597e-04	-2.100335e+00
7.353937708162316e-04	-2.027593e+00
7.360258979473903e-04	-1.960039e+00
7.370301189618335e-04	-1.841113e+00
7.380059579458749e-04	-1.723078e+00
7.399576359139577e-04	-1.464988e+00
7.426861002734217e-04	-1.081440e+00
7.481430289923498e-04	-2.708363e-01
7.581430289923498e-04	1.044678e+00
7.681430289923499e-04	1.830731e+00
7.738193362833015e-04	1.982605e+00
7.760604889580123e-04	1.985809e+00
7.782263208634117e-04	1.952618e+00
7.817396226614934e-04	1.836803e+00
7.873488227740459e-04	1.477833e+00
7.958524063288958e-04	5.713302e-01
8.058524063288958e-04	-8.634487e-01
8.158524063288958e-04	-2.152149e+00
8.216835799931821e-04	-2.527791e+00
8.244748334321650e-04	-2.553873e+00
8.263047454420158e-04	-2.549824e+00
8.286236232295074e-04	-2.526435e+00
8.305249522728604e-04	-2.448710e+00
8.325829444953535e-04	-2.303441e+00
8.338002808692233e-04	-2.189080e+00
8.348788315048089e-04	-2.084906e+00
8.355881016292046e-04	-2.006141e+00
8.362566897855007e-04	-1.933966e+00
8.373298405838696e-04	-1.804616e+00
8.383772293269584e-04	-1.676050e+00
8.404720068131361e-04	-1.394122e+00
8.433439409038753e-04	-9.854502e-01
8.490878090853537e-04	-1.319031e-01
8.590878090853538e-04	1.144998e+00
8.690013973093615e-04	1.868101e+00
8.741818265197678e-04	1.984901e+00
8.761956736835663e-04	1.984937e+00
8.784462311292386e-04	1.947534e+00
8.820946808066732e-04	1.820578e+00
8.879062259576023e-04	1.431087e+00
8.966554524385898e-04	4.665076e-01
9.066554524385899e-04	-9.819468e-01
9.166554524385899e-04	-2.227300e+00
9.231615533048212e-04	-2.546383e+00
9.258141162782652e-04	-2.553254e+00
9.278254175779006e-04	-2.537195e+00
9.304394756043527e-04	-2.457817e+00
9.333919627412853e-04	-2.228288e+00
9.342211179041702e-04	-2.150834e+00
9.351986734536816e-04	-2.048707e+00
9.362789056951039e-04	-1.930854e+00
9.373557299717388e-04	-1.801852e+00
9.389610862732171e-04	-1.599808e+00
9.421717988761735e-04	-1.154129e+00
9.468511053529132e-04	-4.639364e-01
9.562097183063924e-04	8.254858e-01
9.662097183063924e-04	1.727620e+00
9.729562672915650e-04	1.974936e+00
9.757368562596076e-04	1.985894e+00
9.776996713192706e-04	1.964792e+00
9.808878022144686e-04	1.871653e+00
9.860034113369834e-04	1.583846e+00
9.938793026109287e-04	8.155890e-01
1.003879302610929e-03	-5.682728e-01
1.013879302610929e-03	-1.944977e+00
1.021811791608050e-03	-2.529728e+00
1.025301631231511e-03	-2.554392e+00
1.026991140378582e-03	-2.545394e+00
1.029738949750819e-03	-2.492695e+00
1.034172716151089e-03	-2.154189e+00
1.034970258083910e-03	-2.073996e+00
1.035826023343614e-03	-1.980802e+00
1.036891825238483e-03	-1.858728e+00
1.039023429028221e-03	-1.590490e+00
1.041666967797232e-03	-1.227478e+00
1.046954045335254e-03	-4.475123e-01
1.056954045335254e-03	9.119145e-01
1.066954045335254e-03	1.770755e+00
1.073296864584604e-03	1.978237e+00
1.075864934918582e-03	1.986304e+00
1.077908122086140e-03	1.959884e+00
1.081225198260086e-03	1.859052e+00
1.086537630765344e-03	1.542842e+00
1.094668466623484e-03	7.206005e-01
1.104668466623484e-03	-6.868135e-01
1.114668466623484e-03	-2.031080e+00
1.121007615302324e-03	-2.511166e+00
1.124015154642297e-03	-2.552509e+00
1.126133556401171e-03	-2.550610e+00
1.128345188878240e-03	-2.531522e+00
1.130260835698586e-03	-2.463420e+00
1.132470149922573e-03	-2.312804e+00
1.133712766478288e-03	-2.197128e+00
1.134708301372618e-03	-2.102361e+00
1.135390435831612e-03	-2.027384e+00
1.136039785241569e-03	-1.958433e+00
1.137003603605168e-03	-1.843769e+00
1.137919325915216e-03	-1.733898e+00
1.139742703918993e-03	-1.493657e+00
1.142084357850814e-03	-1.168415e+00
1.146767665714455e-03	-4.744063e-01
1.156134281441739e-03	8.147169e-01
1.166134281441739e-03	1.725119e+00
1.172921122293347e-03	1.972669e+00
1.175723608562187e-03	1.987891e+00
1.177678108608148e-03	1.963455e+00
1.180852884150528e-03	1.874912e+00
1.185948029172555e-03	1.586215e+00
1.193797074610874e-03	8.272688e-01
1.203797074610874e-03	-5.575972e-01
1.213797074610874e-03	-1.933820e+00
1.219120686256082e-03	-2.420088e+00
1.222860765698998e-03	-2.544346e+00
1.225700842624791e-03	-2.553110e+00
1.227641052732124e-03	-2.539953e+00
1.230199224222472e-03	-2.469372e+00
1.233125756039731e-03	-2.253738e+00
1.234047174251598e-03	-2.166576e+00
1.235103224191763e-03	-2.059619e+00
1.235745167403380e-03	-1.989869e+00
1.236375861478742e-03	-1.918803e+00
1.237637249629467e-03	-1.767710e+00
1.240013835037197e-03	-1.458011e+00
1.244767005852659e-03	-7.735409e-01
1.254273347483582e-03	5.844558e-01
1.264273347483582e-03	1.602236e+00
1.272014318677412e-03	1.958222e+00
1.275379293731892e-03	1.988183e+00
1.277117588454099e-03	1.973504e+00
1.279944186330358e-03	1.906810e+00
1.284500984965277e-03	1.685902e+00
1.291622330589989e-03	1.073298e+00
1.301622330589990e-03	-2.340213e-01
1.311622330589990e-03	-1.670852e+00
1.318943034225611e-03	-2.408173e+00
1.324157535266837e-03	-2.551826e+00
1.326186624307591e-03	-2.551419e+00
1.328431511779595e-03	-2.528157e+00
1.330725459838844e-03	-2.439372e+00
1.332801762461223e-03	-2.281439e+00
1.333663417325068e-03	-2.204265e+00
1.334784413234265e-03	-2.092000e+00
1.335551368335944e-03	-2.011892e+00
1.336277876236005e-03	-1.929290e+00
1.337210140086755e-03	-1.820575e+00
1.339074667788257e-03	-1.583310e+00
1.341465896562956e-03	-1.256114e+00
1.346248354112356e-03	-5.522559e-01
1.355813269211156e-03	7.766876e-01
1.365813269211156e-03	1.705220e+00
1.372770228065097e-03	1.971135e+00
1.375666656377690e-03	1.987669e+00
1.377585406455899e-03	1.965739e+00
1.380702730113045e-03	1.880249e+00
1.385709679802899e-03	1.604042e+00
1.393442314956164e-03	8.688318e-01
1.403442314956164e-03	-5.040837e-01
1.413442314956164e-03	-1.893314e+00
1.419879892923594e-03	-2.464526e+00
1.423410778694507e-03	-2.548953e+00
1.425907657353881e-03	-2.551987e+00
1.427977646199887e-03	-2.536370e+00
1.430123462676197e-03	-2.471915e+00
1.432702791932854e-03	-2.291754e+00
1.433754291570790e-03	-2.193968e+00
1.434780524701003e-03	-2.093806e+00
1.435420166395371e-03	-2.024776e+00
1.436020023672021e-03	-1.959718e+00
1.437219738225320e-03	-1.818229e+00
1.438434946438647e-03	-1.667605e+00
1.440865362865301e-03	-1.339617e+00
1.445182369410608e-03	-7.122130e-01
1.453816382501223e-03	5.259448e-01
1.463816382501223e-03	1.568308e+00
1.471779090542445e-03	1.954021e+00
1.475289061759735e-03	1.987830e+00
1.476970674634781e-03	1.976225e+00
1.479705724474731e-03	1.913985e+00
1.484119527050423e-03	1.710334e+00
1.491041053219947e-03	1.134372e+00
1.500998125754357e-03	-1.418385e-01
1.510998125754357e-03	-1.590281e+00
1.519164354184164e-03	-2.422129e+00
1.524249390111373e-03	-2.552259e+00
1.526220837397045e-03	-2.551002e+00
1.528487160128522e-03	-2.527333e+00
1.530643925982752e-03	-2.443623e+00
1.532723305856513e-03	-2.288638e+00
1.533655352267358e-03	-2.204414e+00
1.534787470258782e-03	-2.091971e+00
1.535437065668743e-03	-2.023804e+00
1.536062135505173e-03	-1.954069e+00
1.537011226249255e-03	-1.844043e+00
1.538909407737419e-03	-1.605225e+00
1.541745155097436e-03	-1.215898e+00
1.547416649817469e-03	-3.785572e-01
1.557416649817469e-03	9.651302e-01
1.567416649817469e-03	1.795144e+00
1.573503154769801e-03	1.980787e+00
1.575942264481260e-03	1.985951e+00
1.578033960911123e-03	1.957688e+00
1.581428730085493e-03	1.850561e+00
1.586859072066879e-03	1.518193e+00
1.595139727159906e-03	6.619742e-01
1.605139727159906e-03	-7.565597e-01
1.615139727159906e-03	-2.080525e+00
1.621466331224866e-03	-2.522797e+00
1.624429135121469e-03	-2.553686e+00
1.626287743197156e-03	-2.549652e+00
1.628595973571569e-03	-2.526793e+00
1.630482772067161e-03	-2.450438e+00
1.632537908601880e-03	-2.306807e+00
1.633781149931005e-03	-2.190185e+00
1.634853987115815e-03	-2.087039e+00
1.635567756151289e-03	-2.007685e+00
1.636242508711850e-03	-1.935126e+00
1.637282976503284e-03	-1.809663e+00
1.638297318954123e-03	-1.685805e+00
1.640307697191867e-03	-1.416170e+00
1.642971967530639e-03	-1.039482e+00
1.648300508208183e-03	-2.467931e-01
1.658300508208183e-03	1.061939e+00
1.668300508208183e-03	1.838606e+00
1.673886707515872e-03	1.983228e+00
1.676085639505140e-03	1.986291e+00
1.678267238059625e-03	1.951836e+00
1.681805715776381e-03	1.834486e+00
1.687452739808274e-03	1.469442e+00
1.696002779326126e-03	5.526269e-01
1.706002779326127e-03	-8.853807e-01
1.716002779326127e-03	-2.165806e+00
1.721057591175825e-03	-2.512311e+00
1.723606652152920e-03	-2.550752e+00
1.725981000531105e-03	-2.551122e+00
1.728096991119796e-03	-2.535306e+00
1.730059644086160e-03	-2.473423e+00
1.732406938979453e-03	-2.317802e+00
1.733728452843925e-03	-2.195024e+00
1.734748722464017e-03	-2.097946e+00
1.735457666025685e-03	-2.019528e+00
1.736133022551763e-03	-1.947606e+00
1.737117690136728e-03	-1.829522e+00
1.738062790538594e-03	-1.715567e+00
1.739881356521486e-03	-1.474344e+00
1.742233899710507e-03	-1.146616e+00
1.746938986088549e-03	-4.484107e-01
1.756349158844632e-03	8.405089e-01
1.766349158844632e-03	1.738135e+00
1.773020921096812e-03	1.974163e+00
1.775761210893701e-03	1.988092e+00
1.777739311475872e-03	1.962472e+00
1.780951986296426e-03	1.871112e+00
1.786105165710529e-03	1.574829e+00
1.794030179719238e-03	7.997550e-01
1.804030179719238e-03	-5.921071e-01
1.814030179719238e-03	-1.959651e+00
1.819201394376171e-03	-2.424854e+00
1.822753756370241e-03	-2.543338e+00
1.825660431999497e-03	-2.553080e+00
1.827575274584030e-03	-2.540546e+00
1.830195003819426e-03	-2.469152e+00
1.833136892681511e-03	-2.252362e+00
1.834054022017545e-03	-2.165421e+00
1.835114258034088e-03	-2.058086e+00
1.835764506597830e-03	-1.987259e+00
1.836402609612168e-03	-1.915346e+00
1.837678815640846e-03	-1.762109e+00
1.839926638588103e-03	-1.469529e+00
1.844422284482616e-03	-8.243300e-01
1.853413576271642e-03	4.725116e-01
1.863413576271642e-03	1.538639e+00
1.871567329479295e-03	1.948757e+00
1.875207456962792e-03	1.988810e+00
1.876837802325631e-03	1.977427e+00
1.879489963126938e-03	1.921460e+00
1.883773817681669e-03	1.730549e+00
1.890511557310723e-03	1.189602e+00
1.900286442537838e-03	-3.887874e-02
1.910286442537838e-03	-1.494581e+00
1.918323615375761e-03	-2.364466e+00
1.923896559131693e-03	-2.550414e+00
1.926089316172331e-03	-2.551980e+00
1.928273219454354e-03	-2.530299e+00
1.930796300305544e-03	-2.435530e+00
1.933060401051157e-03	-2.257392e+00
1.933821320860327e-03	-2.189435e+00
1.934897195428382e-03	-2.079316e+00
1.935869530456573e-03	-1.976867e+00
1.936812998250943e-03	-1.866015e+00
1.937917410129904e-03	-1.733494e+00
1.940126233887825e-03	-1.441051e+00
1.942784999900703e-03	-1.066383e+00
1.948102531926460e-03	-2.759819e-01
1.958102531926460e-03	1.040746e+00
1.968102531926460e-03	1.829512e+00
1.973801945480100e-03	1.982869e+00
1.976053994621463e-03	1.986185e+00
1.978215755014703e-03	1.953253e+00
1.981722553589224e-03	1.838226e+00
1.987321973833832e-03	1.480478e+00
1.995813505991380e-03	5.771078e-01
2.005813505991380e-03	-8.570408e-01
2.015813505991380e-03	-2.147382e+00
2.020979520677990e-03	-2.509784e+00
2.023576067913069e-03	-2.550394e+00
2.025969557714608e-03	-2.551116e+00
2.028078372064545e-03	-2.535495e+00
2.030050737198439e-03	-2.473665e+00
2.032409793762136e-03	-2.317367e+00
2.033737687361543e-03	-2.193906e+00
2.034768589710806e-03	-2.095710e+00
2.035483450083917e-03	-2.016494e+00
2.036163870571199e-03	-1.943912e+00
2.037157408873093e-03	-1.824507e+00
2.038116188264492e-03	-1.708633e+00
2.039952467487055e-03	-1.464456e+00
2.042339222475310e-03	-1.131237e+00
2.047112732451820e-03	-4.223633e-01
2.056659752404840e-03	8.772455e-01
2.066659752404840e-03	1.755985e+00
2.073163514257997e-03	1.976109e+00
2.075814853330476e-03	1.987961e+00
2.077826617127385e-03	1.960949e+00
2.081093311149594e-03	1.865553e+00
2.086329005076500e-03	1.558245e+00
2.094361152208595e-03	7.597827e-01
2.104361152208595e-03	-6.412847e-01
2.114361152208595e-03	-1.996161e+00
2.119452681165719e-03	-2.439986e+00
2.122695146741362e-03	-2.542824e+00
2.125638272105714e-03	-2.552874e+00
2.127539202806642e-03	-2.541037e+00
2.130124291120809e-03	-2.472190e+00
2.133034364164242e-03	-2.261737e+00
2.133994229550184e-03	-2.170703e+00
2.135079898947654e-03	-2.061793e+00
2.135724421150454e-03	-1.991232e+00
2.136358793385816e-03	-1.920421e+00
2.137627537856541e-03	-1.768036e+00
2.139310892020509e-03	-1.552384e+00
2.142677600348445e-03	-1.080508e+00
2.149392871611991e-03	-8.821797e-02
2.159392871611991e-03	1.178488e+00
2.169201323959997e-03	1.875099e+00
2.174264665495889e-03	1.987406e+00
2.176226525430832e-03	1.983749e+00
2.178496411501010e-03	1.948389e+00
2.182175643440100e-03	1.815843e+00
2.188033031785003e-03	1.422255e+00
2.196836909769926e-03	4.416977e-01
2.206836909769926e-03	-1.006341e+00
2.216836909769926e-03	-2.243912e+00
2.223243989441539e-03	-2.546232e+00
2.225845086212644e-03	-2.553319e+00
2.227875820063293e-03	-2.535658e+00
2.231172934423801e-03	-2.412306e+00
2.233597693152509e-03	-2.206170e+00
2.234550991943959e-03	-2.118562e+00
2.235484144085157e-03	-2.015538e+00
2.236414965204121e-03	-1.915697e+00
2.237784598010698e-03	-1.746710e+00
2.239043896331305e-03	-1.589341e+00
2.241495519385057e-03	-1.248777e+00
2.244556298759403e-03	-8.063074e-01
2.250557562137516e-03	8.174361e-02
2.260557562137516e-03	1.290774e+00
2.269936893401819e-03	1.904433e+00
2.274564749339648e-03	1.986276e+00
2.276338191307925e-03	1.985110e+00
2.278678011352637e-03	1.941760e+00
2.282468459217858e-03	1.803790e+00
2.288490697649336e-03	1.379988e+00
2.297487941803009e-03	3.563737e-01
2.307487941803009e-03	-1.103268e+00
2.317487941803009e-03	-2.297309e+00
2.323534596108455e-03	-2.548809e+00
2.325954036130523e-03	-2.552190e+00
2.328053115784408e-03	-2.534008e+00
2.330373804777765e-03	-2.459616e+00
2.333098453491782e-03	-2.254783e+00
2.334038224580379e-03	-2.167175e+00
2.335051027848559e-03	-2.063878e+00
2.335828477722437e-03	-1.980268e+00
2.336531336713616e-03	-1.899637e+00
2.337937054695973e-03	-1.729953e+00
2.340748490660689e-03	-1.355598e+00
2.344881808287645e-03	-7.561365e-01
2.353148443541557e-03	4.379655e-01
2.363148443541557e-03	1.517793e+00
2.371425627057648e-03	1.946044e+00
2.375152639978501e-03	1.988678e+00
2.376748545035272e-03	1.979123e+00
2.379344979481079e-03	1.925571e+00
2.383541224899504e-03	1.744644e+00
2.390153917212442e-03	1.225268e+00
2.399800552096506e-03	3.168092e-02
2.409800552096506e-03	-1.428512e+00
2.419463744243147e-03	-2.440588e+00
2.424372548056008e-03	-2.552372e+00
2.426266685623032e-03	-2.550576e+00
2.428561727715042e-03	-2.525492e+00
2.430749396615352e-03	-2.436561e+00
2.432659171408735e-03	-2.293298e+00
2.433566439839158e-03	-2.212283e+00
2.434722808539720e-03	-2.097852e+00
2.435406345725265e-03	-2.026617e+00
2.436072657682169e-03	-1.952134e+00
2.436936974429264e-03	-1.852391e+00
2.438665607923453e-03	-1.636295e+00
2.441140647096499e-03	-1.301163e+00
2.446090725442592e-03	-5.753147e-01
2.455990882134776e-03	7.989577e-01
2.465990882134776e-03	1.716315e+00
2.472853986295241e-03	1.973072e+00
2.475698284303764e-03	1.987779e+00
2.477636888523152e-03	1.965530e+00
2.480786124939038e-03	1.877311e+00
2.485842096932387e-03	1.595256e+00
2.493639579112058e-03	8.459131e-01
2.503639579112058e-03	-5.326008e-01
2.513639579112058e-03	-1.915592e+00
2.520181556957516e-03	-2.478774e+00
2.523565985809774e-03	-2.549826e+00
2.525965784867270e-03	-2.551313e+00
2.528072233047586e-03	-2.534903e+00
2.530130665900252e-03	-2.470338e+00
2.532588038217878e-03	-2.301116e+00
2.533815717939780e-03	-2.186912e+00
2.534923616307708e-03	-2.078535e+00
2.535626103019657e-03	-2.001216e+00
2.536288339281589e-03	-1.928746e+00
2.537612811805453e-03	-1.769090e+00
2.538869667969895e-03	-1.610793e+00
2.541383380298777e-03	-1.265685e+00
2.545671812810795e-03	-6.388572e-01
2.554248677834831e-03	5.828933e-01
2.564248677834831e-03	1.600133e+00
2.572001752712053e-03	1.959461e+00
2.575374484091456e-03	1.987831e+00
2.577109757674745e-03	1.975080e+00
2.579931478653596e-03	1.906901e+00
2.584480674027934e-03	1.688661e+00
2.591591460536093e-03	1.076389e+00
2.601591460536094e-03	-2.278651e-01
2.611591460536094e-03	-1.666847e+00
2.619642727923691e-03	-2.450125e+00
2.624445595177773e-03	-2.552796e+00
2.626293867557261e-03	-2.550091e+00
2.628605933331663e-03	-2.525000e+00
2.630690478003143e-03	-2.439210e+00
2.632563524997146e-03	-2.302032e+00
2.633566730134690e-03	-2.211475e+00
2.634752429556810e-03	-2.095241e+00
2.635378026920234e-03	-2.029029e+00
2.635975531930044e-03	-1.963408e+00
2.637058644606118e-03	-1.837277e+00
2.638952700383234e-03	-1.599120e+00
2.642740811937466e-03	-1.071253e+00
2.649792525480825e-03	-2.979844e-02
2.659792525480825e-03	1.218706e+00
2.669458629587900e-03	1.885405e+00
2.674370454382221e-03	1.987850e+00
2.676265906417698e-03	1.983873e+00
2.678560460469384e-03	1.946833e+00
2.682278950602651e-03	1.811313e+00
2.688194670315093e-03	1.408238e+00
2.697067539561346e-03	4.113764e-01
2.707067539561346e-03	-1.039965e+00
2.717067539561346e-03	-2.263473e+00
2.723347845771922e-03	-2.546919e+00
2.725884061488945e-03	-2.552922e+00
2.727939248097793e-03	-2.534733e+00
2.730801268998182e-03	-2.435805e+00
2.733639676503962e-03	-2.202664e+00
2.734519104637584e-03	-2.120709e+00
2.735393484864906e-03	-2.025693e+00
2.736352762394857e-03	-1.921893e+00
2.737793535894163e-03	-1.745854e+00
2.739108829084808e-03	-1.579868e+00
2.741739415466096e-03	-1.214271e+00
2.745477565522952e-03	-6.683256e-01
2.752953865636663e-03	4.133329e-01
2.762953865636663e-03	1.501325e+00
2.771320438575382e-03	1.944846e+00
2.775111834477383e-03	1.987688e+00
2.776682101573647e-03	1.981225e+00
2.779237030624465e-03	1.927692e+00
2.783367900167906e-03	1.755768e+00
2.789886697551039e-03	1.250594e+00
2.799434818394660e-03	8.520697e-02
2.809434818394660e-03	-1.378902e+00
2.819228574728406e-03	-2.424803e+00
2.824275912808992e-03	-2.552209e+00
2.826230713275335e-03	-2.550498e+00
2.828503222809363e-03	-2.526783e+00
2.830617877630923e-03	-2.443858e+00
2.832651747059128e-03	-2.294177e+00
2.833629147227028e-03	-2.205641e+00
2.834779791477985e-03	-2.092117e+00
2.835391108900507e-03	-2.027617e+00
2.835969096371610e-03	-1.963864e+00
2.837008210088044e-03	-1.843300e+00
2.839086437520911e-03	-1.581269e+00
2.842806879132926e-03	-1.061620e+00
2.850247762356955e-03	3.587891e-02
2.860247762356955e-03	1.263367e+00
2.869745453025157e-03	1.896034e+00
2.874487329992105e-03	1.988277e+00
2.876309394355084e-03	1.983676e+00
2.878631183295820e-03	1.945101e+00
2.882392980534910e-03	1.805906e+00
2.888372870007997e-03	1.392598e+00
2.897320917607540e-03	3.774733e-01
2.907320917607540e-03	-1.076835e+00
2.917320917607540e-03	-2.284776e+00
2.923460789849547e-03	-2.547659e+00
2.925926397228567e-03	-2.552650e+00
2.928008141144597e-03	-2.533762e+00
2.930788255999299e-03	-2.436260e+00
2.933566979568296e-03	-2.209570e+00
2.934424600548140e-03	-2.129911e+00
2.935322761390335e-03	-2.033327e+00
2.936298354540891e-03	-1.927862e+00
2.937763830988537e-03	-1.749554e+00
2.939105794485725e-03	-1.580002e+00
2.941789721480103e-03	-1.207080e+00
2.945738877176157e-03	-6.291104e-01
2.953637188568266e-03	5.040686e-01
2.963637188568266e-03	1.554741e+00
2.971685404178803e-03	1.953412e+00
2.975253003793703e-03	1.987741e+00
2.976911964070421e-03	1.978420e+00
2.979610399078092e-03	1.916839e+00
2.983966854011537e-03	1.721006e+00
2.990807526178798e-03	1.158547e+00
3.000685389452820e-03	-9.467652e-02
3.010685389452820e-03	-1.548632e+00
3.020015011501144e-03	-2.469759e+00
3.024596209702483e-03	-2.553272e+00
3.026349891411827e-03	-2.549585e+00
3.028697036650567e-03	-2.523225e+00
3.030746263989646e-03	-2.434924e+00
3.032482044316814e-03	-2.308968e+00
3.033541244085493e-03	-2.213237e+00
3.034524106110983e-03	-2.118623e+00
3.035158469484817e-03	-2.051933e+00
3.035765098181118e-03	-1.986898e+00
3.036941613914500e-03	-1.850728e+00
3.038172065886631e-03	-1.699899e+00
3.040632969830892e-03	-1.371133e+00
3.045136294899446e-03	-7.179079e-01
3.054142945036553e-03	5.690511e-01
3.064142945036553e-03	1.593216e+00
3.071947725110874e-03	1.958099e+00
3.075353791592557e-03	1.988564e+00
3.077076067099047e-03	1.975307e+00
3.079876802434289e-03	1.909369e+00
3.084393261803975e-03	1.693948e+00
3.091458500948254e-03	1.091310e+00
3.101458500948254e-03	-2.084733e-01
3.111458500948254e-03	-1.648986e+00
3.119226904058615e-03	-2.425044e+00
3.124275223566828e-03	-2.551976e+00
3.126230456648254e-03	-2.550586e+00
3.128502805420478e-03	-2.526428e+00
3.130670888193820e-03	-2.440879e+00
3.132677560355106e-03	-2.291320e+00
3.133601189587317e-03	-2.208428e+00
3.134747470351259e-03	-2.094902e+00
3.135411651730561e-03	-2.025483e+00
3.136055278439840e-03	-1.953678e+00
3.136959805924092e-03	-1.849128e+00
3.138768860892596e-03	-1.622461e+00
3.141425407107853e-03	-1.260407e+00
3.146738499538365e-03	-4.783932e-01
3.156738499538365e-03	8.880176e-01
3.166738499538365e-03	1.759843e+00
3.173199361619273e-03	1.978040e+00
3.175828324010996e-03	1.987357e+00
3.177848540410974e-03	1.961994e+00
3.181128790883856e-03	1.863902e+00
3.186385154153169e-03	1.555479e+00
3.194443973258197e-03	7.492697e-01
3.204443973258197e-03	-6.520223e-01
3.214443973258197e-03	-2.005363e+00
3.220858468886580e-03	-2.505293e+00
3.223935145743705e-03	-2.551681e+00
3.226103714335223e-03	-2.550345e+00
3.228296642787290e-03	-2.531548e+00
3.230238221540519e-03	-2.463414e+00
3.232481561143264e-03	-2.310171e+00
3.233711679810776e-03	-2.195840e+00
3.234711131568442e-03	-2.100476e+00
3.235391005973133e-03	-2.025946e+00
3.236037214399935e-03	-1.957171e+00
3.237018237466402e-03	-1.840650e+00
3.237963636005179e-03	-1.726828e+00
3.239854433082733e-03	-1.477199e+00
3.242351248223733e-03	-1.128506e+00
3.247344878505733e-03	-3.873729e-01
3.257332139069732e-03	9.555799e-01
3.267332139069732e-03	1.792414e+00
3.273465764395513e-03	1.980294e+00
3.275928260733637e-03	1.987597e+00
3.278011173537493e-03	1.958068e+00
3.281391882408586e-03	1.853361e+00
3.286800924987110e-03	1.522748e+00
3.295054681689612e-03	6.743401e-01
3.305054681689612e-03	-7.436268e-01
3.315054681689612e-03	-2.069743e+00
3.320217238245173e-03	-2.479805e+00
3.323016262784945e-03	-2.545979e+00
3.325759456832528e-03	-2.551816e+00
3.327736456562981e-03	-2.539195e+00
3.329948965583166e-03	-2.478730e+00
3.332599785976435e-03	-2.299808e+00
3.333737259903559e-03	-2.193643e+00
3.334745933411417e-03	-2.096555e+00
3.335407431750175e-03	-2.024350e+00
3.336032775600683e-03	-1.957379e+00
3.337062348253672e-03	-1.835503e+00
3.338067713269975e-03	-1.713457e+00
3.340078443302582e-03	-1.446823e+00
3.342985247581465e-03	-1.036123e+00
3.348798856139232e-03	-1.729417e-01
3.358798856139233e-03	1.116304e+00
3.368798856139233e-03	1.860626e+00
3.374097311945879e-03	1.985743e+00
3.376164183537137e-03	1.986029e+00
3.378395009493151e-03	1.950046e+00
3.382012016138974e-03	1.825346e+00
3.387776639251036e-03	1.443516e+00
3.396469540306977e-03	4.921796e-01
3.406469540306977e-03	-9.528113e-01
3.416469540306977e-03	-2.208822e+00
3.422370409713130e-03	-2.537759e+00
3.425515123132568e-03	-2.553542e+00
3.427338728035815e-03	-2.541884e+00
3.430302911466582e-03	-2.463868e+00
3.433760993927261e-03	-2.191912e+00
3.434621089154364e-03	-2.108742e+00
3.435521766287004e-03	-2.012303e+00
3.436520506860740e-03	-1.901052e+00
3.438442293117694e-03	-1.664147e+00
3.440373323612226e-03	-1.407763e+00
3.444235384601292e-03	-8.505709e-01
3.451959506579423e-03	2.763393e-01
3.461959506579424e-03	1.421041e+00
3.470766586012725e-03	1.928282e+00
3.474895263139921e-03	1.990051e+00
3.476461070774966e-03	1.981830e+00
3.478877799717899e-03	1.939765e+00
3.482790257521063e-03	1.785347e+00
3.488991895121246e-03	1.337685e+00
3.498193780503123e-03	2.578275e-01
3.508193780503123e-03	-1.201724e+00
3.518193780503123e-03	-2.354308e+00
3.523841092531559e-03	-2.549572e+00
3.526068612260552e-03	-2.551928e+00
3.528239536774069e-03	-2.529976e+00
3.530977402343382e-03	-2.423533e+00
3.533233635781405e-03	-2.239831e+00
3.534123546289260e-03	-2.159551e+00
3.535064243811963e-03	-2.060235e+00
3.536170086983707e-03	-1.942298e+00
3.537515744945991e-03	-1.779661e+00
3.538816617464582e-03	-1.617726e+00
3.541418362501764e-03	-1.259409e+00
3.544829944347154e-03	-7.643121e-01
3.551653108037933e-03	2.360765e-01
3.561653108037933e-03	1.392241e+00
3.570590254011069e-03	1.925312e+00
3.574825663912760e-03	1.987917e+00
3.576435200316423e-03	1.984198e+00
3.578835741613383e-03	1.938861e+00
3.582722545650182e-03	1.790922e+00
3.588886591813431e-03	1.345404e+00
3.598046108432645e-03	2.802240e-01
3.608046108432645e-03	-1.182421e+00
3.618046108432645e-03	-2.341188e+00
3.623777669969140e-03	-2.549754e+00
3.626044927788914e-03	-2.551572e+00
3.628201003703894e-03	-2.531265e+00
3.630526095770957e-03	-2.450027e+00
3.633116779444904e-03	-2.252055e+00
3.633986474622829e-03	-2.171420e+00
3.635021190340228e-03	-2.065968e+00
3.635829799798057e-03	-1.979341e+00
3.636563565725857e-03	-1.894869e+00
3.637925273826864e-03	-1.730659e+00
3.640648690028880e-03	-1.368527e+00
3.644448613007020e-03	-8.198063e-01
3.652048458963302e-03	2.896886e-01
3.662048458963302e-03	1.427789e+00
3.670817268619154e-03	1.930807e+00
3.674915207571208e-03	1.989159e+00
3.676468483973449e-03	1.982813e+00
3.678889851053354e-03	1.938580e+00
3.682809656593100e-03	1.785370e+00
3.689022048276258e-03	1.334067e+00
3.698236003759139e-03	2.530153e-01
3.708236003759139e-03	-1.208524e+00
3.718236003759139e-03	-2.356457e+00
3.723859160722181e-03	-2.549872e+00
3.726075357489411e-03	-2.551614e+00
3.728250510545269e-03	-2.530090e+00
3.730761034057594e-03	-2.436406e+00
3.733025309478050e-03	-2.259267e+00
3.733777975567593e-03	-2.192241e+00
3.734870488262782e-03	-2.080853e+00
3.735835970541325e-03	-1.979320e+00
3.736757842226986e-03	-1.871316e+00
3.737850539819558e-03	-1.740606e+00
3.740035935004703e-03	-1.452222e+00
3.742657047065157e-03	-1.083813e+00
3.747899271186066e-03	-3.049740e-01
3.757899271186066e-03	1.019355e+00
3.767899271186066e-03	1.820716e+00
3.773714244750120e-03	1.982933e+00
3.776021230140474e-03	1.987157e+00
3.778162447741810e-03	1.955199e+00
3.781636422545254e-03	1.842849e+00
3.787186421591311e-03	1.492355e+00
3.795616806761877e-03	6.033074e-01
3.805616806761877e-03	-8.267488e-01
3.815616806761877e-03	-2.126722e+00
3.820796892774604e-03	-2.502921e+00
3.823432279910546e-03	-2.549166e+00
3.825915715346484e-03	-2.550866e+00
3.827990758874101e-03	-2.536073e+00
3.829999421766464e-03	-2.475262e+00
3.832413295303299e-03	-2.315588e+00
3.833757775451665e-03	-2.190830e+00
3.834805418917345e-03	-2.090516e+00
3.835528167245381e-03	-2.010464e+00
3.836214861398238e-03	-1.936758e+00
3.837264955691688e-03	-1.810333e+00
3.838287805407127e-03	-1.685528e+00
3.840326979099516e-03	-1.412053e+00
3.843011993762338e-03	-1.032235e+00
3.848382023087982e-03	-2.334970e-01
3.858382023087982e-03	1.071821e+00
3.868382023087982e-03	1.843229e+00
3.873921422729492e-03	1.984426e+00
3.876098594203535e-03	1.987134e+00
3.878288313278861e-03	1.952317e+00
3.881839753108816e-03	1.833902e+00
3.887506228245536e-03	1.466045e+00
3.896080062652478e-03	5.437622e-01
3.906080062652478e-03	-8.954185e-01
3.916080062652478e-03	-2.171653e+00
3.921137776451022e-03	-2.513588e+00
3.923688214140246e-03	-2.550527e+00
3.926011500615906e-03	-2.550470e+00
3.928146617437768e-03	-2.533851e+00
3.930098807652014e-03	-2.470038e+00
3.932405482897769e-03	-2.316257e+00
3.933697417819698e-03	-2.196445e+00
3.934705721947832e-03	-2.100756e+00
3.935404633412066e-03	-2.023781e+00
3.936070705693911e-03	-1.953086e+00
3.937044480275665e-03	-1.836851e+00
3.937972278046930e-03	-1.725426e+00
3.939776845756802e-03	-1.487087e+00
3.942099579474476e-03	-1.164500e+00
3.946745046909824e-03	-4.760063e-01
3.956035981780520e-03	8.042740e-01
3.966035981780519e-03	1.720589e+00
3.972875147470741e-03	1.973133e+00
3.975706269022035e-03	1.989258e+00
3.977649885304502e-03	1.965081e+00
3.980807175464087e-03	1.878001e+00
3.985875506289445e-03	1.592683e+00
3.993689280934502e-03	8.416122e-01
4.003689280934502e-03	-5.399137e-01
4.013689280934501e-03	-1.919477e+00
4.018989269147858e-03	-2.409623e+00
4.022962054360595e-03	-2.544357e+00
4.025739037059132e-03	-2.552508e+00
4.027703220882905e-03	-2.538259e+00
4.030248828518305e-03	-2.465228e+00
4.033168173460030e-03	-2.247522e+00
4.034124832218751e-03	-2.157235e+00
4.035133016675054e-03	-2.054281e+00
4.035805519473928e-03	-1.981409e+00
4.036471828617037e-03	-1.905591e+00
4.037804446903255e-03	-1.745190e+00
4.040469683475690e-03	-1.393391e+00
4.045390156468502e-03	-6.791910e-01
4.055231102454128e-03	7.072033e-01
4.065231102454128e-03	1.668901e+00
4.072490865365455e-03	1.968433e+00
4.075560878555765e-03	1.988654e+00
4.077413216005477e-03	1.970379e+00
4.080423681004614e-03	1.891227e+00
4.085265903718513e-03	1.636870e+00
4.092778093902539e-03	9.464912e-01
4.102778093902538e-03	-4.031073e-01
4.112778093902538e-03	-1.813110e+00
4.119809102225168e-03	-2.458699e+00
4.123728581316747e-03	-2.550047e+00
4.126026587829307e-03	-2.550917e+00
4.128171164801781e-03	-2.532476e+00
4.130265505636829e-03	-2.462670e+00
4.132715163543202e-03	-2.288605e+00
4.133834227515037e-03	-2.184433e+00
4.134926324460999e-03	-2.076733e+00
4.135604921901594e-03	-2.002784e+00
4.136237490484568e-03	-1.933135e+00
4.137502627650515e-03	-1.781888e+00
4.138924565240420e-03	-1.602233e+00
4.141768440420229e-03	-1.210148e+00
4.147019158344056e-03	-4.368043e-01
4.157019158344055e-03	9.218377e-01
4.167019158344055e-03	1.774780e+00
4.173326143018276e-03	1.980751e+00
4.175875920603291e-03	1.986728e+00
4.177925999959649e-03	1.961694e+00
4.181254120983894e-03	1.858382e+00
4.186583347371774e-03	1.541566e+00
4.194735657504121e-03	7.130991e-01
4.204735657504121e-03	-6.941392e-01
4.214735657504120e-03	-2.036868e+00
4.222247063801401e-03	-2.535505e+00
4.225468172171588e-03	-2.553563e+00
4.227262291001031e-03	-2.542162e+00
4.230178948519256e-03	-2.470403e+00
4.234151664755599e-03	-2.153084e+00
4.235074421986000e-03	-2.061597e+00
4.235976007319863e-03	-1.961044e+00
4.237031606001918e-03	-1.840542e+00
4.239142803366026e-03	-1.571902e+00
4.241210929277354e-03	-1.290751e+00
4.245347181100011e-03	-6.844225e-01
4.253619684745325e-03	5.001408e-01
4.263619684745324e-03	1.556354e+00
4.271676208483181e-03	1.951419e+00
4.275249460729614e-03	1.990625e+00
4.276906195110867e-03	1.976770e+00
4.279601031419967e-03	1.919942e+00
4.283951845218579e-03	1.720262e+00
4.290784542238085e-03	1.163738e+00
4.300654511889612e-03	-9.159730e-02
4.310654511889611e-03	-1.541557e+00
4.317639481887141e-03	-2.310639e+00
4.323601126569946e-03	-2.547978e+00
4.325978933425285e-03	-2.552261e+00
4.328093627674349e-03	-2.531830e+00
4.330998856493968e-03	-2.422154e+00
4.333433007776766e-03	-2.220425e+00
4.334314734406309e-03	-2.140476e+00
4.335210456792951e-03	-2.043842e+00
4.336182613060804e-03	-1.940611e+00
4.337420153887068e-03	-1.790563e+00
4.338616357895002e-03	-1.643467e+00
4.341008765910870e-03	-1.316422e+00
4.343867369032522e-03	-9.067404e-01
4.349584575275826e-03	-5.707974e-02
4.359584575275826e-03	1.196885e+00
4.369325395150071e-03	1.882958e+00
4.374315790078064e-03	1.986504e+00
4.376245559442277e-03	1.986587e+00
4.378527368885250e-03	1.946581e+00
4.382225580298837e-03	1.816410e+00
4.388111188072231e-03	1.414560e+00
4.396948519572304e-03	4.299403e-01
4.406948519572304e-03	-1.023164e+00
4.416948519572303e-03	-2.250318e+00
4.423294376171045e-03	-2.546627e+00
4.425864001064638e-03	-2.552261e+00
4.427906602339784e-03	-2.535228e+00
4.430381222192257e-03	-2.458253e+00
4.433250193033271e-03	-2.239159e+00
4.434134654237654e-03	-2.156516e+00
4.435126353776611e-03	-2.054211e+00
4.436018023949288e-03	-1.957785e+00
4.436873237527732e-03	-1.857778e+00
4.438390508001613e-03	-1.671197e+00
4.441425048949373e-03	-1.258885e+00
4.445781381481737e-03	-6.210053e-01
4.454494046546465e-03	6.150035e-01
4.464494046546465e-03	1.618759e+00
4.472126072359459e-03	1.962389e+00
4.475422017021372e-03	1.988874e+00
4.477187147064623e-03	1.974438e+00
4.480057050816572e-03	1.903871e+00
4.484681292486846e-03	1.676346e+00
4.491895971846198e-03	1.044701e+00
4.501895971846198e-03	-2.719156e-01
4.511895971846197e-03	-1.704017e+00
4.519550932923216e-03	-2.443685e+00
4.524408184671454e-03	-2.552185e+00
4.526279947521744e-03	-2.549831e+00
4.528583295656591e-03	-2.524552e+00
4.530712139281048e-03	-2.436868e+00
4.532572624956609e-03	-2.299560e+00
4.533538174200304e-03	-2.213040e+00
4.534718827052373e-03	-2.097112e+00
4.535331031901996e-03	-2.032967e+00
4.535928045271761e-03	-1.967222e+00
4.536841540541686e-03	-1.862034e+00
4.538668531081536e-03	-1.634739e+00
4.541856398729772e-03	-1.197899e+00
4.548232134026243e-03	-2.562903e-01
4.558232134026243e-03	1.057115e+00
4.568232134026243e-03	1.835639e+00
4.573857505995231e-03	1.985394e+00
4.576074739784270e-03	1.986494e+00
4.578249505609620e-03	1.954587e+00
4.581777074381684e-03	1.835971e+00
4.587407716193058e-03	1.475589e+00
4.595937664751653e-03	5.615414e-01
4.605937664751653e-03	-8.728907e-01
4.615937664751653e-03	-2.158491e+00
4.622828960797080e-03	-2.542305e+00
4.625688838396845e-03	-2.553072e+00
4.627621513212449e-03	-2.538277e+00
4.630761220556485e-03	-2.436981e+00
4.633781456610553e-03	-2.187841e+00
4.634709771628475e-03	-2.099936e+00
4.635620410893640e-03	-1.999639e+00
4.636588295966798e-03	-1.893274e+00
4.638119877344153e-03	-1.703532e+00
4.639570765258353e-03	-1.517094e+00
4.642472541086752e-03	-1.107534e+00
4.646794483244487e-03	-4.708790e-01
4.655206640196167e-03	7.059131e-01
4.665206640196167e-03	1.666133e+00
4.672478960831221e-03	1.969936e+00
4.675556360659076e-03	1.987505e+00
4.677405861178959e-03	1.972163e+00
4.680411757863490e-03	1.890537e+00
4.685246918915492e-03	1.639815e+00
4.692749572944728e-03	9.486951e-01
4.702749572944727e-03	-3.971865e-01
4.712749572944727e-03	-1.810528e+00
4.721208893600635e-03	-2.514598e+00
4.725068453710102e-03	-2.553705e+00
4.726611464312045e-03	-2.547089e+00
4.729122248070231e-03	-2.512515e+00
4.731041931259740e-03	-2.413368e+00
4.732370771217354e-03	-2.317700e+00
4.733673402765621e-03	-2.198871e+00
4.734656998565159e-03	-2.104513e+00
4.735328514996984e-03	-2.032017e+00
4.735973500173907e-03	-1.962941e+00
4.737062806065600e-03	-1.834595e+00
4.738129742926998e-03	-1.704542e+00
4.740263616649795e-03	-1.420619e+00
4.743521239025232e-03	-9.565553e-01
4.750036483776104e-03	7.401547e-03
4.760036483776104e-03	1.242948e+00
4.769613158419787e-03	1.892885e+00
4.774433556385380e-03	1.988139e+00
4.776289388272023e-03	1.985420e+00
4.778598648891580e-03	1.945980e+00
4.782340529191348e-03	1.810061e+00
4.788290930302058e-03	1.399991e+00
4.797204524816672e-03	3.949146e-01
4.807204524816672e-03	-1.059374e+00
4.817204524816671e-03	-2.272935e+00
4.823409055571088e-03	-2.547049e+00
4.825907011501950e-03	-2.552154e+00
4.827976595206483e-03	-2.533823e+00
4.830619074056504e-03	-2.444806e+00
4.833413261822214e-03	-2.223109e+00
4.834267956453807e-03	-2.143701e+00
4.835211664685862e-03	-2.044310e+00
4.836306454786404e-03	-1.925215e+00
4.837681586087641e-03	-1.758852e+00
4.839222120708721e-03	-1.562967e+00
4.842303189950883e-03	-1.132413e+00
4.847081946027293e-03	-4.274782e-01
4.856639458180114e-03	8.785489e-01
4.866639458180114e-03	1.753836e+00
4.873154256087102e-03	1.979462e+00
4.875811373361093e-03	1.986953e+00
4.877820953481698e-03	1.964464e+00
4.881084144794059e-03	1.865274e+00
4.886314495677675e-03	1.562779e+00
4.894339737312808e-03	7.617335e-01
4.904339737312808e-03	-6.343030e-01
4.914339737312807e-03	-1.993869e+00
4.922048061234934e-03	-2.532189e+00
4.925392203003096e-03	-2.553570e+00
4.927138606477086e-03	-2.543024e+00
4.929978292486471e-03	-2.480005e+00
4.934555487878513e-03	-2.112229e+00
4.935580800292786e-03	-2.006736e+00
4.936577883493266e-03	-1.891503e+00
4.937766643476334e-03	-1.750335e+00
4.940144163442472e-03	-1.436534e+00
4.942805054451545e-03	-1.061595e+00
4.948126836469692e-03	-2.705615e-01
4.958126836469691e-03	1.044837e+00
4.968126836469691e-03	1.832027e+00
4.973812385921742e-03	1.984184e+00
4.976057893555851e-03	1.987511e+00
4.978222098331942e-03	1.954355e+00
4.981732801290698e-03	1.839148e+00
4.987338093608084e-03	1.480507e+00
4.995836863665750e-03	5.757513e-01
5.000000000000000e-03	3.272971e-03
