Step Information: Temp=50  (Step: 4/5)
0.000000000000000e+00	1.901571e-11
9.999999439624929e-11	-2.297578e-08
1.999999887924986e-10	-1.509659e-07
3.999999775849972e-10	-6.510978e-07
1.599999910339989e-09	-1.451843e-05
3.199999820679977e-09	-5.939577e-05
6.399999641359955e-09	-2.238345e-04
1.279999928271991e-08	-7.650384e-04
2.559999856543982e-08	-2.297922e-03
5.119999713087964e-08	-5.935991e-03
1.023999942617593e-07	-1.348353e-02
8.191999540940742e-07	-1.195161e-01
1.638399908188148e-06	-2.418650e-01
3.276799816376297e-06	-4.889395e-01
6.553599632752594e-06	-9.823952e-01
9.189773661267538e-06	-1.364076e+00
1.062609887063570e-05	-1.552924e+00
1.201377923257218e-05	-1.716442e+00
1.280409010845584e-05	-1.766966e+00
1.381625656341387e-05	-1.790431e+00
1.479432345995120e-05	-1.803373e+00
1.589375849740707e-05	-1.812181e+00
1.809262857231880e-05	-1.823195e+00
2.101139602910657e-05	-1.830354e+00
2.499135888269251e-05	-1.833506e+00
2.649678825655617e-05	-1.833049e+00
2.893586232861754e-05	-1.830586e+00
3.288370828852617e-05	-1.819120e+00
3.578626541238825e-05	-1.797066e+00
3.827277008103026e-05	-1.707753e+00
4.067146953561452e-05	-1.400475e+00
4.144138623753394e-05	-1.269697e+00
4.218940173120155e-05	-1.179723e+00
4.278460213323047e-05	-1.075879e+00
4.335973080113132e-05	-1.005613e+00
4.392502877749071e-05	-9.078423e-01
4.451074855035350e-05	-8.321003e-01
4.518695053050715e-05	-7.188748e-01
4.597115817764201e-05	-6.105964e-01
4.697146168599213e-05	-4.491321e-01
4.827373411841187e-05	-2.621338e-01
5.011892464922939e-05	2.144013e-02
5.276404171597454e-05	3.905025e-01
5.705848941585837e-05	9.548531e-01
6.373235717864916e-05	1.608481e+00
7.173526300694472e-05	2.025711e+00
7.527220222877918e-05	2.054270e+00
7.694322359531712e-05	2.050210e+00
7.966115566136782e-05	1.978302e+00
8.404815857920805e-05	1.775747e+00
9.093195041748422e-05	1.175713e+00
1.008522423182789e-04	-1.193889e-01
1.082557816072066e-04	-1.234807e+00
1.130733164595141e-04	-1.771147e+00
1.155356226930728e-04	-1.810757e+00
1.177934165600738e-04	-1.821234e+00
1.206807642672584e-04	-1.830330e+00
1.236506455526303e-04	-1.832611e+00
1.259974546189791e-04	-1.833707e+00
1.281237636520587e-04	-1.831081e+00
1.315739049723972e-04	-1.824870e+00
1.370879576360556e-04	-1.768132e+00
1.421214661974046e-04	-1.204849e+00
1.446424097994302e-04	-7.809360e-01
1.471173882707762e-04	-4.551387e-01
1.502945608764990e-04	6.748596e-02
1.552212868556560e-04	7.000269e-01
1.632012143263664e-04	1.595437e+00
1.714539796773900e-04	1.990810e+00
1.751636219770491e-04	2.085424e+00
1.767664268862929e-04	2.025312e+00
1.793740283970507e-04	2.015715e+00
1.835878453346885e-04	1.778164e+00
1.895105966145508e-04	1.350136e+00
1.989162257520132e-04	1.388528e-01
2.089162257520132e-04	-1.302479e+00
2.188875921785081e-04	-1.826228e+00
2.230786437259103e-04	-1.832220e+00
2.257829372883281e-04	-1.833731e+00
2.277746729063636e-04	-1.831450e+00
2.310092334395248e-04	-1.826517e+00
2.361958724831028e-04	-1.788785e+00
2.398327953028961e-04	-1.529626e+00
2.421762754277969e-04	-1.149093e+00
2.444496415588921e-04	-8.547554e-01
2.466742888104777e-04	-4.762140e-01
2.488269444495213e-04	-1.932554e-01
2.530566088358330e-04	4.576452e-01
2.583337712031302e-04	1.078532e+00
2.678177949280313e-04	1.898784e+00
2.736788937194785e-04	2.033561e+00
2.760080163663136e-04	2.077566e+00
2.781409483742128e-04	2.005806e+00
2.816016787281421e-04	1.927235e+00
2.871317084372870e-04	1.526329e+00
2.955372700986496e-04	6.480851e-01
3.055372700986495e-04	-8.463566e-01
3.155372700986496e-04	-1.807384e+00
3.217047625201061e-04	-1.832222e+00
3.252604602301106e-04	-1.832448e+00
3.269241049144299e-04	-1.833530e+00
3.296301129111028e-04	-1.828134e+00
3.339984361349143e-04	-1.814560e+00
3.380445574777081e-04	-1.707867e+00
3.420800507008600e-04	-1.214756e+00
3.449205693398260e-04	-7.310361e-01
3.475725739860391e-04	-3.903602e-01
3.509386101135504e-04	1.689294e-01
3.565456451710763e-04	8.610819e-01
3.655088348567861e-04	1.774063e+00
3.726250765590416e-04	2.010800e+00
3.756117533291270e-04	2.090646e+00
3.774960346397436e-04	2.009926e+00
3.805579184069013e-04	1.981698e+00
3.854795148920068e-04	1.648481e+00
3.930359974575714e-04	9.719462e-01
4.030359974575713e-04	-4.763664e-01
4.130359974575714e-04	-1.764539e+00
4.213649633039081e-04	-1.832026e+00
4.251291188964672e-04	-1.832189e+00
4.267102458018524e-04	-1.833879e+00
4.292827580610277e-04	-1.828513e+00
4.334413359572717e-04	-1.818018e+00
4.376951401419430e-04	-1.731131e+00
4.426219574154142e-04	-1.141978e+00
4.463293340019986e-04	-5.091969e-01
4.498014757167595e-04	-6.417124e-02
4.546107441508184e-04	6.854333e-01
4.636225857597346e-04	1.569051e+00
4.716777330894098e-04	2.060910e+00
4.752500482019998e-04	2.024829e+00
4.769071516575907e-04	2.086365e+00
4.796025846749885e-04	1.950511e+00
4.839543339007063e-04	1.817618e+00
4.902437784685692e-04	1.219762e+00
4.999230272627297e-04	5.244989e-02
5.099230272627297e-04	-1.494938e+00
5.195415297721880e-04	-1.825553e+00
5.244043461976606e-04	-1.834500e+00
5.262785191541179e-04	-1.831637e+00
5.285809727165646e-04	-1.832193e+00
5.323120280675457e-04	-1.819327e+00
5.382463854396117e-04	-1.729461e+00
5.471411677231271e-04	-3.892899e-01
5.544910797049096e-04	5.980025e-01
5.611882339348565e-04	1.431260e+00
5.703174405401080e-04	1.949843e+00
5.747173166071622e-04	2.096825e+00
5.763949224825951e-04	2.021728e+00
5.787702564401135e-04	2.046074e+00
5.826170840194935e-04	1.825683e+00
5.881461734243086e-04	1.492406e+00
5.969984225485488e-04	4.026598e-01
6.069984225485489e-04	-1.011113e+00
6.169984225485489e-04	-1.819513e+00
6.223539147883905e-04	-1.831142e+00
6.255088502502564e-04	-1.833943e+00
6.273285158245168e-04	-1.831435e+00
6.302863515851003e-04	-1.828489e+00
6.350471262431333e-04	-1.802289e+00
6.394987755430428e-04	-1.575512e+00
6.429382315355607e-04	-1.028564e+00
6.463652995412983e-04	-5.662410e-01
6.501918617570896e-04	5.901745e-02
6.538044153074690e-04	5.162487e-01
6.610295224082277e-04	1.408298e+00
6.702228177056399e-04	1.956084e+00
6.746795407834915e-04	2.088845e+00
6.763808776425850e-04	2.031035e+00
6.787474204997749e-04	2.039080e+00
6.825802981412789e-04	1.836651e+00
6.881301377519119e-04	1.486515e+00
6.969755537306660e-04	4.146709e-01
7.069755537306660e-04	-1.014474e+00
7.169755537306660e-04	-1.818916e+00
7.213711523423247e-04	-1.830124e+00
7.251315200623769e-04	-1.833707e+00
7.267141556142207e-04	-1.832140e+00
7.292891102787413e-04	-1.830154e+00
7.334515355443795e-04	-1.815009e+00
7.377522483751159e-04	-1.748208e+00
7.434021292285372e-04	-9.788881e-01
7.447498401038569e-04	-7.894822e-01
7.460561227289860e-04	-5.800154e-01
7.474565149655046e-04	-3.797243e-01
7.498663457341017e-04	-8.291665e-03
7.525529943252789e-04	3.662033e-01
7.573166443042635e-04	9.920719e-01
7.647682118099769e-04	1.690089e+00
7.722632594885859e-04	2.042879e+00
7.754743427701948e-04	2.057553e+00
7.772723370015618e-04	2.051227e+00
7.801952426651926e-04	1.963703e+00
7.849018476279115e-04	1.725389e+00
7.922296958410557e-04	1.035996e+00
8.022296958410557e-04	-3.181750e-01
8.077044126191179e-04	-1.148774e+00
8.118125732115694e-04	-1.689355e+00
8.143943541639482e-04	-1.798508e+00
8.164638469914257e-04	-1.814872e+00
8.186119934005634e-04	-1.824736e+00
8.205636184350611e-04	-1.829067e+00
8.244668685040567e-04	-1.833302e+00
8.263017822600662e-04	-1.832663e+00
8.286188044640718e-04	-1.830863e+00
8.323730247288065e-04	-1.820668e+00
8.361062495212055e-04	-1.792012e+00
8.381010746995829e-04	-1.715185e+00
8.407149858024252e-04	-1.388666e+00
8.416021894383745e-04	-1.235510e+00
8.424459784001282e-04	-1.136909e+00
8.432992666115311e-04	-9.888605e-01
8.440750222269589e-04	-8.938395e-01
8.449375762346589e-04	-7.447674e-01
8.458205846161667e-04	-6.295524e-01
8.468026338873513e-04	-4.634937e-01
8.479808685980932e-04	-3.022391e-01
8.494169295591106e-04	-7.153276e-02
8.512817796171027e-04	1.850175e-01
8.538366370585558e-04	5.559327e-01
8.574389076982466e-04	9.938783e-01
8.632493550303597e-04	1.588045e+00
8.714797798927525e-04	2.012867e+00
8.751736092414040e-04	2.072075e+00
8.767826889816441e-04	2.046004e+00
8.794004448200272e-04	2.003939e+00
8.836302330499649e-04	1.796405e+00
8.901533948569271e-04	1.275250e+00
8.997998393990007e-04	3.191835e-02
9.097998393990007e-04	-1.433264e+00
9.132360304479292e-04	-1.775303e+00
9.149821601395160e-04	-1.804896e+00
9.171013047524499e-04	-1.818078e+00
9.190923043265857e-04	-1.826179e+00
9.221363036837700e-04	-1.831316e+00
9.254259239675672e-04	-1.833348e+00
9.271935079465564e-04	-1.831972e+00
9.300673705699837e-04	-1.828293e+00
9.346977710992262e-04	-1.806606e+00
9.379473512674126e-04	-1.732357e+00
9.396197984382334e-04	-1.536008e+00
9.403462404154802e-04	-1.426292e+00
9.407775447716527e-04	-1.366164e+00
9.410269021250848e-04	-1.328811e+00
9.412892812638944e-04	-1.292498e+00
9.415428266376785e-04	-1.255219e+00
9.417927976892982e-04	-1.219792e+00
9.422927397925375e-04	-1.146614e+00
9.428784074550796e-04	-1.061114e+00
9.440497427801638e-04	-8.864964e-01
9.458972228913917e-04	-6.083544e-01
9.495921831138472e-04	-5.245540e-02
9.548064898344753e-04	6.769500e-01
9.648064898344753e-04	1.700040e+00
9.722822706317801e-04	2.038731e+00
9.754815838049089e-04	2.064619e+00
9.772841256610520e-04	2.046768e+00
9.802143625998187e-04	1.969954e+00
9.849323442773887e-04	1.719131e+00
9.922757530143702e-04	1.037681e+00
1.002275753014370e-03	-3.286664e-01
1.008407823472957e-03	-1.243251e+00
1.011765017409907e-03	-1.685023e+00
1.013820361936320e-03	-1.789317e+00
1.015481528371361e-03	-1.808373e+00
1.017248790052652e-03	-1.819225e+00
1.018913186127922e-03	-1.825250e+00
1.022241978278462e-03	-1.831687e+00
1.025466234207037e-03	-1.833030e+00
1.027259135902050e-03	-1.832213e+00
1.030173830978763e-03	-1.827646e+00
1.034867690099555e-03	-1.805725e+00
1.038027164305386e-03	-1.721344e+00
1.041187227019744e-03	-1.316230e+00
1.042158857577055e-03	-1.155527e+00
1.043107452648796e-03	-1.035360e+00
1.044193684063940e-03	-8.554032e-01
1.045250266605328e-03	-7.134914e-01
1.046547879902399e-03	-5.006221e-01
1.048033897222787e-03	-2.922065e-01
1.049911110485118e-03	2.949120e-03
1.052413768125586e-03	3.472064e-01
1.056037593782016e-03	8.419414e-01
1.061704652739036e-03	1.440652e+00
1.070620109465835e-03	2.005526e+00
1.074837471281484e-03	2.058156e+00
1.076439589312191e-03	2.066136e+00
1.078842877057409e-03	2.006686e+00
1.082734034609423e-03	1.862939e+00
1.088904465036157e-03	1.385943e+00
1.098071196619901e-03	2.964919e-01
1.108071196619901e-03	-1.200989e+00
1.116036873969217e-03	-1.811272e+00
1.119633103594507e-03	-1.827831e+00
1.123162676240932e-03	-1.831877e+00
1.125814538351953e-03	-1.833497e+00
1.127826104501250e-03	-1.830990e+00
1.131092481496479e-03	-1.825926e+00
1.136327691871854e-03	-1.784634e+00
1.140275320845912e-03	-1.461610e+00
1.142661361716574e-03	-1.064224e+00
1.144891398276565e-03	-7.843761e-01
1.148519154347915e-03	-1.846411e-01
1.151821499585984e-03	2.465525e-01
1.158426190062123e-03	1.142325e+00
1.168426190062123e-03	1.887727e+00
1.173940188035502e-03	2.088512e+00
1.176105595516672e-03	2.036882e+00
1.178299703104006e-03	2.053608e+00
1.181858146641722e-03	1.876552e+00
1.187535125091714e-03	1.542768e+00
1.196121781337330e-03	5.346043e-01
1.206121781337330e-03	-8.828295e-01
1.216121781337330e-03	-1.813938e+00
1.220559599793590e-03	-1.828540e+00
1.224676173544450e-03	-1.833536e+00
1.226379625668850e-03	-1.832156e+00
1.228745384844047e-03	-1.830841e+00
1.232577018717862e-03	-1.819085e+00
1.238172432071800e-03	-1.716315e+00
1.243621274225770e-03	-9.393931e-01
1.245456841371224e-03	-6.801007e-01
1.247178153765550e-03	-4.034937e-01
1.248914824100532e-03	-1.583389e-01
1.252106666710716e-03	3.212696e-01
1.256005280084197e-03	8.242506e-01
1.262705856181077e-03	1.545819e+00
1.271184875576443e-03	2.007864e+00
1.275059097850630e-03	2.074943e+00
1.276596230039976e-03	2.050851e+00
1.279097490384317e-03	2.015773e+00
1.283143672804754e-03	1.827587e+00
1.289359962453551e-03	1.357951e+00
1.298707278829767e-03	1.935973e-01
1.308707278829767e-03	-1.276343e+00
1.312150141853521e-03	-1.723259e+00
1.314234134871975e-03	-1.795281e+00
1.316744189846524e-03	-1.816421e+00
1.318590786122111e-03	-1.824198e+00
1.320976310957942e-03	-1.829788e+00
1.324977623717087e-03	-1.833019e+00
1.326491683145658e-03	-1.832602e+00
1.328927563708435e-03	-1.830069e+00
1.332870353787343e-03	-1.818438e+00
1.335672853568479e-03	-1.796831e+00
1.338139928884688e-03	-1.710495e+00
1.340554925445678e-03	-1.403295e+00
1.341310655998350e-03	-1.275569e+00
1.342047933425982e-03	-1.186975e+00
1.342621193444927e-03	-1.087306e+00
1.343173757050183e-03	-1.020067e+00
1.343711798788529e-03	-9.273114e-01
1.344273276207639e-03	-8.548466e-01
1.344918041437371e-03	-7.473090e-01
1.345668616983466e-03	-6.437287e-01
1.346628049860318e-03	-4.892683e-01
1.347879853154172e-03	-3.091100e-01
1.349664257263330e-03	-3.421389e-02
1.352230254795661e-03	3.274901e-01
1.356440795809122e-03	8.905557e-01
1.363006770930438e-03	1.559796e+00
1.371349140118328e-03	2.024867e+00
1.375122978405193e-03	2.063641e+00
1.376700247247147e-03	2.061894e+00
1.379266513254364e-03	1.999945e+00
1.383415250178136e-03	1.823317e+00
1.389959757969092e-03	1.287621e+00
1.399535040026961e-03	8.585615e-02
1.409535040026961e-03	-1.402371e+00
1.416368881129703e-03	-1.813380e+00
1.419332185819576e-03	-1.826846e+00
1.422400298511310e-03	-1.831226e+00
1.425526485099972e-03	-1.833347e+00
1.427357225115886e-03	-1.831441e+00
1.430332904359676e-03	-1.827666e+00
1.435121316286122e-03	-1.801597e+00
1.438612557102740e-03	-1.670530e+00
1.442170724412653e-03	-1.149741e+00
1.443510945926944e-03	-9.718312e-01
1.444771920271920e-03	-7.643028e-01
1.445928168545969e-03	-6.075557e-01
1.447707525790394e-03	-3.212255e-01
1.449643316425139e-03	-4.910609e-02
1.452366938797373e-03	3.600312e-01
1.456379592609539e-03	8.713495e-01
1.462738743622222e-03	1.550611e+00
1.471202948860599e-03	2.009101e+00
1.475066138527892e-03	2.076832e+00
1.476607694470956e-03	2.051481e+00
1.479116121670972e-03	2.017121e+00
1.483173622903775e-03	1.826698e+00
1.489189328442872e-03	1.376567e+00
1.498469740952288e-03	2.286934e-01
1.508469740952288e-03	-1.239998e+00
1.512026187416349e-03	-1.712289e+00
1.514281838741050e-03	-1.795342e+00
1.516974554617013e-03	-1.817642e+00
1.519044706084632e-03	-1.825398e+00
1.521399817249072e-03	-1.830453e+00
1.525142636759241e-03	-1.832871e+00
1.526732256878510e-03	-1.832446e+00
1.529318518303046e-03	-1.829172e+00
1.533498749690732e-03	-1.815178e+00
1.536166927031739e-03	-1.789088e+00
1.538012275173857e-03	-1.721830e+00
1.540547145102092e-03	-1.400733e+00
1.541205428721837e-03	-1.290322e+00
1.541849623250197e-03	-1.212162e+00
1.542320653495051e-03	-1.131019e+00
1.542769428051646e-03	-1.076220e+00
1.543222765871061e-03	-9.997016e-01
1.543687302168019e-03	-9.390717e-01
1.544241110814146e-03	-8.487318e-01
1.544895400258291e-03	-7.572256e-01
1.545760420778012e-03	-6.201500e-01
1.546927208096824e-03	-4.497173e-01
1.548677580611134e-03	-1.803966e-01
1.551274153135443e-03	1.947879e-01
1.555989002149133e-03	8.351921e-01
1.563338650040855e-03	1.589696e+00
1.571527473192036e-03	2.029366e+00
1.575192056171491e-03	2.066189e+00
1.576812725694310e-03	2.060619e+00
1.579449233888372e-03	1.996945e+00
1.583708500043026e-03	1.805888e+00
1.590411235196657e-03	1.243868e+00
1.600150563632262e-03	-3.715285e-03
1.610150563632262e-03	-1.483407e+00
1.619684766778758e-03	-1.826745e+00
1.623558953183124e-03	-1.832791e+00
1.625963152958059e-03	-1.832430e+00
1.628067950496504e-03	-1.831378e+00
1.631483684754965e-03	-1.823412e+00
1.636945753516807e-03	-1.773818e+00
1.638917193769947e-03	-1.619451e+00
1.640097247057787e-03	-1.460374e+00
1.640670163344845e-03	-1.370767e+00
1.641237429229423e-03	-1.294490e+00
1.641489378961584e-03	-1.254843e+00
1.641732028309257e-03	-1.222485e+00
1.642038396346515e-03	-1.176162e+00
1.642344193221436e-03	-1.133193e+00
1.642843009376033e-03	-1.058701e+00
1.643504232616939e-03	-9.619936e-01
1.644792045868377e-03	-7.680122e-01
1.646663684851933e-03	-4.861969e-01
1.650406962819044e-03	7.362650e-02
1.656297155719379e-03	8.705734e-01
1.666297155719379e-03	1.803668e+00
1.672996855753916e-03	2.055040e+00
1.675752148075065e-03	2.068449e+00
1.677724560754928e-03	2.043380e+00
1.680928103630834e-03	1.947143e+00
1.686067310182906e-03	1.640944e+00
1.693974079704759e-03	8.404531e-01
1.703974079704759e-03	-5.790684e-01
1.710167499119677e-03	-1.481083e+00
1.713665385341490e-03	-1.782804e+00
1.715268590664884e-03	-1.807213e+00
1.717142388343430e-03	-1.817517e+00
1.719254140348999e-03	-1.826452e+00
1.721972812828808e-03	-1.830659e+00
1.725363402863267e-03	-1.833227e+00
1.727091715776355e-03	-1.831610e+00
1.729902199302977e-03	-1.828452e+00
1.734433868857083e-03	-1.807743e+00
1.738227567484629e-03	-1.706739e+00
1.742103965498980e-03	-1.161963e+00
1.743003951221872e-03	-1.038902e+00
1.743847958065533e-03	-9.052783e-01
1.744708883654650e-03	-7.839165e-01
1.746130054661640e-03	-5.618821e-01
1.747639652570732e-03	-3.409085e-01
1.750340347050383e-03	6.771384e-02
1.753966189447208e-03	5.694188e-01
1.761076176136496e-03	1.398248e+00
1.770250711477442e-03	1.987175e+00
1.774690687454412e-03	2.073654e+00
1.776385022024468e-03	2.060497e+00
1.778754159049120e-03	2.024481e+00
1.782591153612439e-03	1.865336e+00
1.788682014936416e-03	1.422532e+00
1.797758263300404e-03	3.361536e-01
1.807758263300404e-03	-1.138817e+00
1.811819566926412e-03	-1.687937e+00
1.814591134928849e-03	-1.798912e+00
1.816866189203565e-03	-1.816879e+00
1.819228852390819e-03	-1.825796e+00
1.821382176016528e-03	-1.830302e+00
1.825135796079342e-03	-1.832776e+00
1.826721118237134e-03	-1.832339e+00
1.829300422194516e-03	-1.829097e+00
1.833469697736304e-03	-1.815131e+00
1.836166862025596e-03	-1.788675e+00
1.837999027545334e-03	-1.720863e+00
1.840518745171227e-03	-1.401886e+00
1.841180188037170e-03	-1.290929e+00
1.841826570172215e-03	-1.212681e+00
1.842298214883488e-03	-1.131367e+00
1.842747438056291e-03	-1.076662e+00
1.843198895403075e-03	-1.000364e+00
1.843661331089869e-03	-9.401698e-01
1.844210435909365e-03	-8.505133e-01
1.844857884365994e-03	-7.601426e-01
1.845711056993008e-03	-6.248699e-01
1.846859050210943e-03	-4.573613e-01
1.848573778816084e-03	-1.932913e-01
1.851113281732005e-03	1.741691e-01
1.855689996410940e-03	8.001723e-01
1.862830754766337e-03	1.549921e+00
1.871253355782276e-03	2.024353e+00
1.875085759126797e-03	2.068226e+00
1.876639642914589e-03	2.064683e+00
1.879168039539990e-03	2.007412e+00
1.883257063190692e-03	1.834696e+00
1.889715504315963e-03	1.317110e+00
1.899199318452878e-03	1.376047e-01
1.909199318452878e-03	-1.349554e+00
1.914950388066639e-03	-1.801461e+00
1.917803010763827e-03	-1.821744e+00
1.920443002425033e-03	-1.828051e+00
1.923431116281952e-03	-1.832786e+00
1.925915279300538e-03	-1.832158e+00
1.927990049305551e-03	-1.831536e+00
1.931357720623607e-03	-1.823437e+00
1.936746997629815e-03	-1.779351e+00
1.938868066815349e-03	-1.617581e+00
1.939992203564467e-03	-1.476314e+00
1.940779210206503e-03	-1.348525e+00
1.941564222657864e-03	-1.248196e+00
1.941959617198647e-03	-1.180990e+00
1.942335029545105e-03	-1.134822e+00
1.942716538351141e-03	-1.071835e+00
1.943099186029191e-03	-1.021459e+00
1.943570814064177e-03	-9.462621e-01
1.944131448346439e-03	-8.672418e-01
1.944901011364726e-03	-7.473115e-01
1.945969545953841e-03	-5.899876e-01
1.947670928028660e-03	-3.289588e-01
1.950249452441187e-03	5.070587e-02
1.955406501266242e-03	7.641497e-01
1.963337168316615e-03	1.593359e+00
1.971526683510839e-03	2.030989e+00
1.975191750895661e-03	2.069774e+00
1.976812228621963e-03	2.062283e+00
1.979448426519302e-03	2.000552e+00
1.983707205078916e-03	1.807752e+00
1.990409245358524e-03	1.247933e+00
2.000147865227516e-03	-8.065070e-04
2.009081004996882e-03	-1.331050e+00
2.013977668171747e-03	-1.788155e+00
2.016413627851952e-03	-1.815055e+00
2.018768711343522e-03	-1.823737e+00
2.021568984244819e-03	-1.830950e+00
2.025208096086314e-03	-1.832294e+00
2.026838842988086e-03	-1.832565e+00
2.029491653299972e-03	-1.828180e+00
2.033776527825886e-03	-1.813953e+00
2.036755801998522e-03	-1.773515e+00
2.039522047630507e-03	-1.553571e+00
2.041137392829402e-03	-1.284990e+00
2.042744113836867e-03	-1.087059e+00
2.043851914544854e-03	-8.897427e-01
2.044877773277261e-03	-7.673188e-01
2.046432733198954e-03	-5.021115e-01
2.047938421895534e-03	-3.042711e-01
2.049934067942763e-03	2.149703e-02
2.052631776543677e-03	3.793966e-01
2.056372416879103e-03	8.974471e-01
2.062386105081457e-03	1.502153e+00
2.071007593580842e-03	2.030143e+00
2.074989870877677e-03	2.060391e+00
2.076496235192503e-03	2.078462e+00
2.078934963299231e-03	2.004606e+00
2.082882261563384e-03	1.868465e+00
2.088437566793562e-03	1.430843e+00
2.097412677939224e-03	4.030288e-01
2.107412677939224e-03	-1.101392e+00
2.117412677939224e-03	-1.818133e+00
2.122668170281573e-03	-1.832400e+00
2.125628065946524e-03	-1.831964e+00
2.127522589002656e-03	-1.832187e+00
2.130600950421197e-03	-1.825299e+00
2.135547940227913e-03	-1.799508e+00
2.138396886455017e-03	-1.662862e+00
2.141060542988023e-03	-1.333411e+00
2.142718038486039e-03	-1.052964e+00
2.144318019086109e-03	-8.544497e-01
2.146069421970188e-03	-5.522251e-01
2.148309123553287e-03	-2.517128e-01
2.151366633357769e-03	2.343455e-01
2.155621301257785e-03	7.726458e-01
2.162756686860326e-03	1.567189e+00
2.171212797020086e-03	2.003865e+00
2.175069973719835e-03	2.091457e+00
2.176613939363028e-03	2.046170e+00
2.179126270264780e-03	2.031159e+00
2.183189935461355e-03	1.820878e+00
2.188851989333462e-03	1.423398e+00
2.197997510367981e-03	2.921475e-01
2.207997510367981e-03	-1.156285e+00
2.217997510367981e-03	-1.822073e+00
2.221381452062611e-03	-1.829783e+00
2.225135515295175e-03	-1.832965e+00
2.226720661037479e-03	-1.831818e+00
2.229299679405485e-03	-1.829307e+00
2.233468505170011e-03	-1.814291e+00
2.237136880501692e-03	-1.766657e+00
2.238816945127362e-03	-1.626722e+00
2.239743913120036e-03	-1.504411e+00
2.240377505705521e-03	-1.408033e+00
2.240867814299147e-03	-1.340046e+00
2.241092619032766e-03	-1.306610e+00
2.241299794095764e-03	-1.277995e+00
2.241595115359439e-03	-1.234944e+00
2.241878856851956e-03	-1.194543e+00
2.242446339836991e-03	-1.111541e+00
2.243238317095605e-03	-9.953617e-01
2.244822271612833e-03	-7.581996e-01
2.247193681679764e-03	-4.003176e-01
2.251936501813624e-03	2.980542e-01
2.258988662867412e-03	1.186114e+00
2.268935756851318e-03	1.944162e+00
2.274154502863522e-03	2.071059e+00
2.276185494541164e-03	2.069341e+00
2.278429674130185e-03	2.032444e+00
2.282067962508315e-03	1.898647e+00
2.287864354505145e-03	1.497100e+00
2.296595433752715e-03	5.041354e-01
2.306595433752715e-03	-9.665861e-01
2.311578318471238e-03	-1.655137e+00
2.315440360607718e-03	-1.806894e+00
2.317724189343768e-03	-1.820563e+00
2.320309384863528e-03	-1.828140e+00
2.322746545426409e-03	-1.831708e+00
2.325657706630804e-03	-1.832519e+00
2.327570838283717e-03	-1.831459e+00
2.330679128320376e-03	-1.825805e+00
2.335672186537301e-03	-1.795631e+00
2.337893388897370e-03	-1.724319e+00
2.341089180231942e-03	-1.316361e+00
2.341961887517958e-03	-1.172437e+00
2.342807457848592e-03	-1.066097e+00
2.343727936033751e-03	-9.137397e-01
2.344610043296793e-03	-7.967272e-01
2.345628571493101e-03	-6.288913e-01
2.346785774566274e-03	-4.675682e-01
2.348261274989117e-03	-2.320901e-01
2.350148476660873e-03	3.492570e-02
2.352839974101892e-03	4.311475e-01
2.356639502737446e-03	9.119089e-01
2.362897025326858e-03	1.568297e+00
2.371289517697682e-03	2.019377e+00
2.375099820509826e-03	2.080716e+00
2.376662539174701e-03	2.058735e+00
2.379205244599373e-03	2.018547e+00
2.383316840722407e-03	1.826525e+00
2.389807863753256e-03	1.320206e+00
2.399326486837194e-03	1.149757e-01
2.409326486837194e-03	-1.354151e+00
2.412937963412293e-03	-1.761528e+00
2.414764331946078e-03	-1.801125e+00
2.417015762889990e-03	-1.816769e+00
2.419612392756018e-03	-1.826860e+00
2.422120424879177e-03	-1.830753e+00
2.425419860149808e-03	-1.832804e+00
2.427183635464654e-03	-1.831456e+00
2.430051353581078e-03	-1.827681e+00
2.434672194561653e-03	-1.805543e+00
2.437789062595965e-03	-1.734516e+00
2.439610853187960e-03	-1.522223e+00
2.440348211378538e-03	-1.409623e+00
2.440791546803837e-03	-1.349502e+00
2.441023648193315e-03	-1.314159e+00
2.441237726279256e-03	-1.285211e+00
2.441462094680080e-03	-1.252017e+00
2.441676595094605e-03	-1.221941e+00
2.442050381486019e-03	-1.167310e+00
2.442523024528638e-03	-1.098897e+00
2.443468310613875e-03	-9.589889e-01
2.444938233828263e-03	-7.393400e-01
2.447878080257038e-03	-2.950563e-01
2.452129266694512e-03	3.264168e-01
2.460631639569461e-03	1.357089e+00
2.469982225480798e-03	1.985883e+00
2.474583014951261e-03	2.074680e+00
2.476344984411092e-03	2.068713e+00
2.478689057533271e-03	2.027634e+00
2.482486260858691e-03	1.878246e+00
2.488518472500771e-03	1.439699e+00
2.497527253734761e-03	3.772307e-01
2.507527253734761e-03	-1.101436e+00
2.512457627415360e-03	-1.736743e+00
2.515092015036928e-03	-1.804253e+00
2.518057287008783e-03	-1.821385e+00
2.520313757480467e-03	-1.828344e+00
2.523258241665942e-03	-1.831791e+00
2.525850437511053e-03	-1.832633e+00
2.527884528912788e-03	-1.830751e+00
2.531187025849010e-03	-1.824563e+00
2.536477274406773e-03	-1.780665e+00
2.539295695466908e-03	-1.572192e+00
2.541128119744550e-03	-1.288212e+00
2.542418547295369e-03	-1.123376e+00
2.543271232955644e-03	-9.778683e-01
2.544069469720652e-03	-8.776898e-01
2.545158012167440e-03	-6.965033e-01
2.546154623456543e-03	-5.627588e-01
2.547419119660062e-03	-3.555904e-01
2.548938798755759e-03	-1.433923e-01
2.550888341214490e-03	1.581341e-01
2.553560171984210e-03	5.172700e-01
2.557444899590299e-03	1.022753e+00
2.563716219581542e-03	1.622128e+00
2.571726824936445e-03	2.045286e+00
2.575268954513641e-03	2.068057e+00
2.576937935575470e-03	2.069982e+00
2.579652569748309e-03	1.992651e+00
2.584034407266429e-03	1.796872e+00
2.590910915972176e-03	1.194155e+00
2.600824071209330e-03	-9.039867e-02
2.610824071209330e-03	-1.567081e+00
2.620099191878084e-03	-1.827207e+00
2.624630028453366e-03	-1.832860e+00
2.626362467496539e-03	-1.831834e+00
2.628717485852216e-03	-1.830177e+00
2.632532069853134e-03	-1.818742e+00
2.636671586816755e-03	-1.779048e+00
2.638463129195346e-03	-1.662707e+00
2.639902127530282e-03	-1.483122e+00
2.640627029410187e-03	-1.362963e+00
2.641351174096478e-03	-1.272096e+00
2.641683590969093e-03	-1.214236e+00
2.642003902336635e-03	-1.176053e+00
2.642294100200582e-03	-1.127385e+00
2.642585459127655e-03	-1.089966e+00
2.642926888841819e-03	-1.035566e+00
2.643325295151332e-03	-9.802542e-01
2.643865123270362e-03	-8.968042e-01
2.644609681881467e-03	-7.881582e-01
2.645783694103885e-03	-6.084099e-01
2.647586826578919e-03	-3.386835e-01
2.651193091528988e-03	1.965452e-01
2.656637740467938e-03	9.189367e-01
2.666637740467938e-03	1.831556e+00
2.673153472097390e-03	2.062928e+00
2.675811078656398e-03	2.075404e+00
2.677820473849066e-03	2.047297e+00
2.681083368519979e-03	1.947720e+00
2.686313266858723e-03	1.628096e+00
2.694337923409589e-03	8.035399e-01
2.704337923409589e-03	-6.256739e-01
2.710773813499427e-03	-1.550872e+00
2.717334603738037e-03	-1.818313e+00
2.719894385795829e-03	-1.827288e+00
2.723087401530367e-03	-1.831655e+00
2.725786232269040e-03	-1.832536e+00
2.727780035669417e-03	-1.830848e+00
2.731017914550902e-03	-1.824914e+00
2.736209623348812e-03	-1.785932e+00
2.738892838252163e-03	-1.619995e+00
2.740932516113934e-03	-1.320014e+00
2.741582088704859e-03	-1.236890e+00
2.742047442988974e-03	-1.161300e+00
2.742492758804485e-03	-1.103645e+00
2.743020844187327e-03	-1.019714e+00
2.743547753196953e-03	-9.473178e-01
2.744280387575774e-03	-8.327893e-01
2.745179783149245e-03	-7.023725e-01
2.746537780012909e-03	-4.925806e-01
2.748488857164705e-03	-2.033271e-01
2.752065379751359e-03	3.222803e-01
2.757391589860261e-03	1.008317e+00
2.767391589860261e-03	1.875320e+00
2.773492080956658e-03	2.066676e+00
2.775938117572571e-03	2.076177e+00
2.778027212967930e-03	2.042802e+00
2.781417818918646e-03	1.934599e+00
2.786841856007936e-03	1.585617e+00
2.795114556500408e-03	7.062085e-01
2.805114556500408e-03	-7.426324e-01
2.810917584482397e-03	-1.567404e+00
2.817302399899903e-03	-1.818202e+00
2.819865312707536e-03	-1.827106e+00
2.823025287776191e-03	-1.831631e+00
2.825762855045810e-03	-1.832451e+00
2.827741987495315e-03	-1.830913e+00
2.830956318840954e-03	-1.824975e+00
2.836112032185613e-03	-1.787777e+00
2.838660715046507e-03	-1.645951e+00
2.841044304355762e-03	-1.306333e+00
2.841541757603439e-03	-1.238902e+00
2.842022875970572e-03	-1.166348e+00
2.842456129455383e-03	-1.105963e+00
2.843282976944033e-03	-9.818457e-01
2.844102601755894e-03	-8.620647e-01
2.845741851379618e-03	-6.132123e-01
2.847980182563109e-03	-2.775255e-01
2.852456844930091e-03	3.767387e-01
2.859426939078054e-03	1.236278e+00
2.869223460320248e-03	1.960916e+00
2.874273802714058e-03	2.074700e+00
2.876229927616260e-03	2.073616e+00
2.878501944980359e-03	2.033705e+00
2.882184570013898e-03	1.897584e+00
2.888047005941981e-03	1.484213e+00
2.896856878289325e-03	4.740759e-01
2.906856878289325e-03	-1.000496e+00
2.912092450791008e-03	-1.705257e+00
2.915224481112325e-03	-1.804881e+00
2.918147690797943e-03	-1.821682e+00
2.920669223508527e-03	-1.828779e+00
2.923335687262102e-03	-1.831793e+00
2.925879500968496e-03	-1.832396e+00
2.927931826514625e-03	-1.830645e+00
2.931263546654238e-03	-1.824022e+00
2.936598243296574e-03	-1.777603e+00
2.939224105144044e-03	-1.575945e+00
2.940897582946285e-03	-1.319993e+00
2.941810376385170e-03	-1.205073e+00
2.942397611426142e-03	-1.105681e+00
2.942946889173668e-03	-1.037712e+00
2.943571275891385e-03	-9.338899e-01
2.944150712257962e-03	-8.578171e-01
2.944897785193724e-03	-7.361185e-01
2.945752598606958e-03	-6.161267e-01
2.946887012017854e-03	-4.361551e-01
2.948421465730469e-03	-2.135536e-01
2.950681231622610e-03	1.278873e-01
2.954036763689415e-03	5.878501e-01
2.959905931889087e-03	1.291746e+00
2.969319677956184e-03	1.960352e+00
2.974313438955993e-03	2.080586e+00
2.976244684204190e-03	2.069133e+00
2.978525945400900e-03	2.038552e+00
2.982223284280992e-03	1.891864e+00
2.988107595514460e-03	1.484252e+00
2.996943393152732e-03	4.583201e-01
3.006943393152732e-03	-1.007758e+00
3.010781324671523e-03	-1.551954e+00
3.015091143796122e-03	-1.802099e+00
3.016904290963183e-03	-1.816911e+00
3.018989538080170e-03	-1.824130e+00
3.021400633994100e-03	-1.830221e+00
3.025142953398799e-03	-1.832052e+00
3.026732772460563e-03	-1.832189e+00
3.029319355917371e-03	-1.828228e+00
3.033500094334350e-03	-1.814734e+00
3.036099042001604e-03	-1.786641e+00
3.038539342686821e-03	-1.664036e+00
3.040833459107010e-03	-1.331277e+00
3.041380282861840e-03	-1.262826e+00
3.041813899115042e-03	-1.192513e+00
3.042234901786108e-03	-1.138251e+00
3.042667973181422e-03	-1.069158e+00
3.043136995074758e-03	-1.005148e+00
3.043739512303401e-03	-9.112158e-01
3.044486456803289e-03	-8.036620e-01
3.045604860216799e-03	-6.312857e-01
3.047184667938017e-03	-3.964045e-01
3.050083440160372e-03	3.944922e-02
3.054350892822081e-03	6.323634e-01
3.062885798145498e-03	1.567715e+00
3.071283399773814e-03	2.028165e+00
3.075097442426556e-03	2.080748e+00
3.076658666926340e-03	2.067574e+00
3.079198952577158e-03	2.018952e+00
3.083306732302097e-03	1.835330e+00
3.089792250644896e-03	1.322575e+00
3.099305008306274e-03	1.279263e-01
3.109305008306274e-03	-1.348491e+00
3.113961801549167e-03	-1.786558e+00
3.116162344079075e-03	-1.812656e+00
3.118601954931619e-03	-1.822799e+00
3.121161056828948e-03	-1.829827e+00
3.124943191918651e-03	-1.832017e+00
3.126478885413066e-03	-1.832317e+00
3.128906759913733e-03	-1.828914e+00
3.132836872498132e-03	-1.818167e+00
3.135515506918977e-03	-1.795412e+00
3.138062955440442e-03	-1.711805e+00
3.140734054559357e-03	-1.349952e+00
3.141113302473486e-03	-1.295292e+00
3.141482118943730e-03	-1.243261e+00
3.141838510908229e-03	-1.191442e+00
3.142482936558924e-03	-1.098227e+00
3.143771787860314e-03	-9.074332e-01
3.145317939404154e-03	-6.758237e-01
3.148410242491834e-03	-2.092539e-01
3.153229330255213e-03	4.843734e-01
3.162867505781969e-03	1.565213e+00
3.171273424532546e-03	2.030201e+00
3.175093564241322e-03	2.079740e+00
3.176652352049334e-03	2.069893e+00
3.179188691391934e-03	2.018302e+00
3.183290246366533e-03	1.838513e+00
3.189766782738497e-03	1.324286e+00
3.199269956250739e-03	1.353358e-01
3.209269956250739e-03	-1.344129e+00
3.213943111820725e-03	-1.785824e+00
3.216288039071726e-03	-1.813396e+00
3.218689372539878e-03	-1.822974e+00
3.221327966873085e-03	-1.830101e+00
3.225094380365471e-03	-1.831935e+00
3.226653680950470e-03	-1.832222e+00
3.229190850766759e-03	-1.828325e+00
3.233293715774424e-03	-1.815862e+00
3.236038034285552e-03	-1.787161e+00
3.238624997560223e-03	-1.653480e+00
3.241068784458385e-03	-1.292607e+00
3.241850239112429e-03	-1.196669e+00
3.242468868212038e-03	-1.092296e+00
3.243068121663783e-03	-1.017310e+00
3.243681625991928e-03	-9.145240e-01
3.244318390486783e-03	-8.302419e-01
3.245087093333695e-03	-7.046834e-01
3.245992342392951e-03	-5.775036e-01
3.247196698466175e-03	-3.865610e-01
3.248804694416496e-03	-1.540504e-01
3.251203311355429e-03	2.058662e-01
3.254734718133418e-03	6.817325e-01
3.260883249169388e-03	1.391218e+00
3.270134933191133e-03	1.992287e+00
3.274644361497815e-03	2.083976e+00
3.276367797163647e-03	2.069609e+00
3.278726151936927e-03	2.035603e+00
3.282546032794350e-03	1.876964e+00
3.288611689577752e-03	1.440452e+00
3.297659023827068e-03	3.615016e-01
3.307659023827068e-03	-1.109557e+00
3.311619157313747e-03	-1.653047e+00
3.315199047152798e-03	-1.803559e+00
3.317404277561026e-03	-1.818795e+00
3.319812503455948e-03	-1.826511e+00
3.322156437247505e-03	-1.830857e+00
3.325433610038009e-03	-1.832129e+00
3.327206021556866e-03	-1.831526e+00
3.330087671731992e-03	-1.826745e+00
3.334730184210346e-03	-1.805150e+00
3.337412250426270e-03	-1.747784e+00
3.339346567421617e-03	-1.557212e+00
3.340366732143019e-03	-1.392418e+00
3.340838487164365e-03	-1.338587e+00
3.341120023571838e-03	-1.288590e+00
3.341281110365214e-03	-1.272411e+00
3.341395721793308e-03	-1.252218e+00
3.341510270244929e-03	-1.237706e+00
3.341616128647541e-03	-1.221557e+00
3.341754333798727e-03	-1.202153e+00
3.341953267731464e-03	-1.173106e+00
3.342279305245708e-03	-1.125998e+00
3.342931380274196e-03	-1.030272e+00
3.344187215794958e-03	-8.438931e-01
3.346698886836483e-03	-4.651822e-01
3.350359270062209e-03	8.026224e-02
3.357416150613147e-03	1.017909e+00
3.367416150613147e-03	1.878208e+00
3.373502934286153e-03	2.072919e+00
3.375942181919246e-03	2.078047e+00
3.378033826564747e-03	2.048742e+00
3.381428512855845e-03	1.936080e+00
3.386858729331593e-03	1.590534e+00
3.395139226142736e-03	7.054240e-01
3.405139226142736e-03	-7.388589e-01
3.410451190321990e-03	-1.502872e+00
3.413759343376714e-03	-1.781616e+00
3.415239751903351e-03	-1.805395e+00
3.417018917355553e-03	-1.815855e+00
3.419084682172188e-03	-1.825228e+00
3.421618169177170e-03	-1.829554e+00
3.425227082374410e-03	-1.832659e+00
3.426869757597261e-03	-1.831176e+00
3.429541860441151e-03	-1.828496e+00
3.433857019170093e-03	-1.810716e+00
3.437619001587463e-03	-1.742197e+00
3.439300277680886e-03	-1.551580e+00
3.440000489974653e-03	-1.453105e+00
3.440620685927600e-03	-1.361973e+00
3.440940116688995e-03	-1.318004e+00
3.441175056340197e-03	-1.283672e+00
3.441392544075296e-03	-1.253268e+00
3.441827519545496e-03	-1.190254e+00
3.442263256309524e-03	-1.127511e+00
3.443134729837580e-03	-9.992740e-01
3.444537030779645e-03	-7.906673e-01
3.447341632663774e-03	-3.672499e-01
3.451211276420014e-03	2.041565e-01
3.458950563932492e-03	1.191032e+00
3.468910446065567e-03	1.950460e+00
3.474143950071910e-03	2.078989e+00
3.476181562792828e-03	2.076613e+00
3.478423278818876e-03	2.040626e+00
3.482057641670395e-03	1.906607e+00
3.487848177009443e-03	1.507174e+00
3.496572231462988e-03	5.163297e-01
3.506572231462988e-03	-9.518412e-01
3.511455440113111e-03	-1.629753e+00
3.516201573674413e-03	-1.811606e+00
3.518650919493130e-03	-1.823457e+00
3.521462899590947e-03	-1.829664e+00
3.524196116602098e-03	-1.832180e+00
3.526200996697939e-03	-1.831880e+00
3.528454889216304e-03	-1.829983e+00
3.532108651577283e-03	-1.820469e+00
3.535417736405379e-03	-1.797594e+00
3.537800382226193e-03	-1.723408e+00
3.540521595937287e-03	-1.388184e+00
3.541373139509434e-03	-1.243550e+00
3.542206135469940e-03	-1.145062e+00
3.543025142426908e-03	-1.005113e+00
3.543767964887299e-03	-9.135287e-01
3.544592250664566e-03	-7.729487e-01
3.545422995816514e-03	-6.641293e-01
3.546392377939072e-03	-5.023559e-01
3.547540285898067e-03	-3.438866e-01
3.548982948657577e-03	-1.136819e-01
3.550879228442464e-03	1.504892e-01
3.553533154661549e-03	5.357584e-01
3.557325360517618e-03	1.001866e+00
3.563498419567877e-03	1.626034e+00
3.571612283059893e-03	2.034620e+00
3.575224811291549e-03	2.088664e+00
3.576866059694751e-03	2.063345e+00
3.579535855061689e-03	2.016577e+00
3.583847392903945e-03	1.802295e+00
3.590624456659316e-03	1.245148e+00
3.600438963110807e-03	-3.824186e-02
3.610438963110807e-03	-1.494236e+00
3.619863960428720e-03	-1.826696e+00
3.623743854802756e-03	-1.831884e+00
3.626032294940147e-03	-1.832007e+00
3.628180450297542e-03	-1.830247e+00
3.631665512608009e-03	-1.822219e+00
3.635899740148975e-03	-1.790457e+00
3.638066883618449e-03	-1.702328e+00
3.640709800213638e-03	-1.354908e+00
3.641408744680752e-03	-1.242771e+00
3.642063353261289e-03	-1.159905e+00
3.642668905855774e-03	-1.061330e+00
3.643237846856297e-03	-9.867802e-01
3.643937265506464e-03	-8.744131e-01
3.644688456746308e-03	-7.697377e-01
3.645705863552558e-03	-6.090758e-01
3.647009401055902e-03	-4.192937e-01
3.648958926078748e-03	-1.200176e-01
3.651777066979157e-03	2.831813e-01
3.656810371759153e-03	9.518170e-01
3.664579022610607e-03	1.698617e+00
3.672168785480426e-03	2.057704e+00
3.675438322618213e-03	2.078678e+00
3.677213694027701e-03	2.068953e+00
3.680100118562903e-03	1.988357e+00
3.684750054462542e-03	1.753474e+00
3.692000134979881e-03	1.085948e+00
3.702000134979881e-03	-2.603193e-01
3.707065148584271e-03	-1.025895e+00
3.711238905968043e-03	-1.597487e+00
3.715323807040755e-03	-1.804546e+00
3.717065357534937e-03	-1.816814e+00
3.719319941965758e-03	-1.825136e+00
3.721542096641139e-03	-1.829853e+00
3.725197708358811e-03	-1.832087e+00
3.726821928989409e-03	-1.831632e+00
3.729464182127105e-03	-1.827997e+00
3.733732474699275e-03	-1.812332e+00
3.736400241520203e-03	-1.780873e+00
3.738296728929659e-03	-1.679914e+00
3.740328858152750e-03	-1.404991e+00
3.740811664438306e-03	-1.329921e+00
3.741281557295052e-03	-1.268449e+00
3.741579677706187e-03	-1.221519e+00
3.741874552523062e-03	-1.182375e+00
3.742261909591655e-03	-1.123511e+00
3.742651393713322e-03	-1.068902e+00
3.743280448319998e-03	-9.742368e-01
3.744104389170638e-03	-8.535032e-01
3.745631738876236e-03	-6.221240e-01
3.747866530022806e-03	-2.867583e-01
3.752336112315947e-03	3.668245e-01
3.759514176244946e-03	1.252011e+00
3.769279972119802e-03	1.968774e+00
3.774297097982299e-03	2.080676e+00
3.776238600786318e-03	2.079014e+00
3.778516051284866e-03	2.039245e+00
3.782207325020322e-03	1.902077e+00
3.788082621687833e-03	1.487386e+00
3.796907746290816e-03	4.739768e-01
3.806907746290816e-03	-9.996296e-01
3.812092505621417e-03	-1.698560e+00
3.815261422415845e-03	-1.804323e+00
3.817991062449431e-03	-1.820657e+00
3.820449718713476e-03	-1.827967e+00
3.823025139287741e-03	-1.831284e+00
3.825762799138130e-03	-1.832099e+00
3.827741896500146e-03	-1.830565e+00
3.830956171518222e-03	-1.824513e+00
3.836111798704206e-03	-1.786281e+00
3.838628405779475e-03	-1.640836e+00
3.840975583629496e-03	-1.306289e+00
3.841503009999062e-03	-1.235479e+00
3.841936738105744e-03	-1.169292e+00
3.842381327569378e-03	-1.107919e+00
3.843083484137039e-03	-1.002042e+00
3.843816311815199e-03	-8.959797e-01
3.845236679871524e-03	-6.804870e-01
3.847051894572205e-03	-4.089007e-01
3.850682323973566e-03	1.325295e-01
3.856218230190294e-03	8.768767e-01
3.866218230190294e-03	1.814173e+00
3.872960225444245e-03	2.067957e+00
3.875738347868429e-03	2.083257e+00
3.877702099127246e-03	2.057291e+00
3.880891733546593e-03	1.963631e+00
3.886009645579660e-03	1.659723e+00
3.893888553999009e-03	8.683301e-01
3.903888553999009e-03	-5.472379e-01
3.910275318517275e-03	-1.474037e+00
3.913748188244582e-03	-1.780515e+00
3.915340738479999e-03	-1.805917e+00
3.917225636643173e-03	-1.816639e+00
3.919346978711183e-03	-1.825725e+00
3.922000863275544e-03	-1.829889e+00
3.925374143614232e-03	-1.832465e+00
3.927109203328535e-03	-1.830820e+00
3.929930579056351e-03	-1.827484e+00
3.934479236109691e-03	-1.805531e+00
3.938172489548786e-03	-1.695405e+00
3.941817760706543e-03	-1.182237e+00
3.942730995058807e-03	-1.059062e+00
3.943582594352486e-03	-9.242135e-01
3.944386685596931e-03	-8.127005e-01
3.945725354347400e-03	-6.031722e-01
3.947085861992040e-03	-4.055732e-01
3.949420562967750e-03	-4.875397e-02
3.952533291987733e-03	3.912325e-01
3.958168871436472e-03	1.112076e+00
3.966943563792757e-03	1.852504e+00
3.973292143940923e-03	2.077965e+00
3.975863163329182e-03	2.078723e+00
3.977905239014288e-03	2.058771e+00
3.981220533827512e-03	1.945542e+00
3.986530256765207e-03	1.624566e+00
3.994657623735721e-03	7.681959e-01
4.004657623735721e-03	-6.577752e-01
4.009467110512593e-03	-1.367362e+00
4.012721806051299e-03	-1.741558e+00
4.014399898876447e-03	-1.795662e+00
4.016162624270089e-03	-1.810212e+00
4.017690828253606e-03	-1.820090e+00
4.019598269783071e-03	-1.825315e+00
4.023413152842000e-03	-1.831988e+00
4.025908547200046e-03	-1.831493e+00
4.027979094243023e-03	-1.830728e+00
4.031340002966905e-03	-1.822573e+00
4.036719021700884e-03	-1.775232e+00
4.038663459252267e-03	-1.625750e+00
4.039699683981649e-03	-1.495287e+00
4.040413774238184e-03	-1.382553e+00
4.041133468494167e-03	-1.287496e+00
4.041412199091602e-03	-1.242286e+00
4.041685846508147e-03	-1.207174e+00
4.041982203666233e-03	-1.161196e+00
4.042278810958450e-03	-1.120704e+00
4.042697955945792e-03	-1.057348e+00
4.043225398087535e-03	-9.815322e-01
4.044080302582112e-03	-8.527408e-01
4.045367185487339e-03	-6.610987e-01
4.047940951297794e-03	-2.714485e-01
4.051764802741460e-03	2.871877e-01
4.059412505628794e-03	1.245084e+00
4.069214086396776e-03	1.966335e+00
4.074269934282601e-03	2.084037e+00
4.076228487248721e-03	2.079335e+00
4.078499602301051e-03	2.043112e+00
4.082180790850675e-03	1.903736e+00
4.088041089996308e-03	1.494685e+00
4.096848425323788e-03	4.828452e-01
4.106848425323787e-03	-9.867166e-01
4.111575460345412e-03	-1.639205e+00
4.116099778091525e-03	-1.810488e+00
4.118598206589441e-03	-1.822995e+00
4.121380923256078e-03	-1.829324e+00
4.124080485696974e-03	-1.831934e+00
4.126157912213180e-03	-1.831699e+00
4.128384808260532e-03	-1.829858e+00
4.131995550125406e-03	-1.820617e+00
4.135481415601646e-03	-1.796099e+00
4.137661422883868e-03	-1.730381e+00
4.139447420124000e-03	-1.533441e+00
4.140266329526980e-03	-1.400699e+00
4.140682993894283e-03	-1.351658e+00
4.140918713872991e-03	-1.311021e+00
4.141052899894433e-03	-1.296452e+00
4.141134048038482e-03	-1.282883e+00
4.141211593004623e-03	-1.272513e+00
4.141288120832406e-03	-1.261388e+00
4.141392284456064e-03	-1.246588e+00
4.141585376053329e-03	-1.218884e+00
4.141971559247859e-03	-1.163256e+00
4.142743925636920e-03	-1.050662e+00
4.144288658415042e-03	-8.215252e-01
4.146673185454245e-03	-4.622993e-01
4.150522370961635e-03	1.105286e-01
4.157363727443878e-03	1.017495e+00
4.167363727443878e-03	1.880635e+00
4.173479755365286e-03	2.077567e+00
4.175933501360695e-03	2.083177e+00
4.178019701316994e-03	2.053959e+00
4.181405672465795e-03	1.942275e+00
4.186822688697992e-03	1.598748e+00
4.195086523700810e-03	7.183192e-01
4.205086523700810e-03	-7.239951e-01
4.210514330484320e-03	-1.503771e+00
4.213870600161609e-03	-1.782561e+00
4.215369501936123e-03	-1.805849e+00
4.217175688898683e-03	-1.816195e+00
4.219242676965270e-03	-1.825319e+00
4.221854729636213e-03	-1.829585e+00
4.225318122792510e-03	-1.832379e+00
4.227017991928518e-03	-1.830783e+00
4.229782538982377e-03	-1.827689e+00
4.234242477116379e-03	-1.807247e+00
4.237939794835189e-03	-1.715007e+00
4.241834748308094e-03	-1.178681e+00
4.242600832827266e-03	-1.073891e+00
4.243335457448756e-03	-9.596909e-01
4.244167322642998e-03	-8.415087e-01
4.245506597114940e-03	-6.349381e-01
4.247031138983121e-03	-4.100080e-01
4.249978022321669e-03	3.445308e-02
4.253896538058272e-03	5.805785e-01
4.261733569531479e-03	1.475951e+00
4.270636824429025e-03	2.016625e+00
4.274844077610435e-03	2.088838e+00
4.276442044969998e-03	2.076775e+00
4.278846869332244e-03	2.037082e+00
4.282740462462672e-03	1.874167e+00
4.288914463701369e-03	1.417212e+00
4.298085227274599e-03	3.111766e-01
4.308085227274598e-03	-1.163700e+00
4.312417256322651e-03	-1.724431e+00
4.314753085161353e-03	-1.798563e+00
4.317749262720394e-03	-1.819363e+00
4.319986256064749e-03	-1.826799e+00
4.322550514337449e-03	-1.830667e+00
4.325583502827753e-03	-1.832000e+00
4.327450046339758e-03	-1.830671e+00
4.330483382948950e-03	-1.825637e+00
4.335360936757923e-03	-1.796809e+00
4.337913560361865e-03	-1.712263e+00
4.340932819286120e-03	-1.315456e+00
4.341624363032600e-03	-1.206660e+00
4.342292118687100e-03	-1.119272e+00
4.343013237296679e-03	-1.005294e+00
4.343686223182579e-03	-9.133392e-01
4.344657598066295e-03	-7.609852e-01
4.345731216338944e-03	-6.061562e-01
4.347381581997492e-03	-3.505716e-01
4.349613596433563e-03	-2.402414e-02
4.353499212814191e-03	5.336565e-01
4.359307139780499e-03	1.232065e+00
4.369145448562951e-03	1.969421e+00
4.374241571110072e-03	2.081736e+00
4.376217925699341e-03	2.085021e+00
4.378482424324088e-03	2.041513e+00
4.382153078241401e-03	1.910846e+00
4.387997700854665e-03	1.496785e+00
4.396786398159071e-03	4.973044e-01
4.406786398159070e-03	-9.785274e-01
4.412646959401130e-03	-1.738544e+00
4.415911450546836e-03	-1.809733e+00
4.419082665469753e-03	-1.823904e+00
4.421779935130368e-03	-1.830164e+00
4.425085381493062e-03	-1.831643e+00
4.426639028010009e-03	-1.831697e+00
4.429167040327180e-03	-1.828048e+00
4.433255457555457e-03	-1.815108e+00
4.435575466588533e-03	-1.793308e+00
4.437820746437834e-03	-1.722263e+00
4.439239983522029e-03	-1.551663e+00
4.439810324471824e-03	-1.469592e+00
4.440342519437356e-03	-1.393476e+00
4.440742020397625e-03	-1.335588e+00
4.440977741628963e-03	-1.303236e+00
4.441213600831289e-03	-1.269028e+00
4.441467955900912e-03	-1.233217e+00
4.441966269779176e-03	-1.161107e+00
4.442550223766067e-03	-1.076543e+00
4.443718131739850e-03	-9.038615e-01
4.445561423898955e-03	-6.277391e-01
4.449248008217164e-03	-7.384145e-02
4.454407218088798e-03	6.520578e-01
4.464407218088797e-03	1.694885e+00
4.472082247562750e-03	2.057321e+00
4.475405273599542e-03	2.087244e+00
4.477159886993996e-03	2.071240e+00
4.480012822213656e-03	1.999884e+00
4.484610653278199e-03	1.764639e+00
4.491788853938937e-03	1.118745e+00
4.501788853938937e-03	-2.253247e-01
4.508270163877642e-03	-1.190530e+00
4.511765559557123e-03	-1.655561e+00
4.514462422684048e-03	-1.794013e+00
4.516140634613608e-03	-1.810744e+00
4.518027189083011e-03	-1.820509e+00
4.519884228648074e-03	-1.826389e+00
4.523598307778201e-03	-1.831470e+00
4.525977878882098e-03	-1.831755e+00
4.528091911793764e-03	-1.829934e+00
4.531522420352116e-03	-1.822332e+00
4.535883676651269e-03	-1.789335e+00
4.538137697215735e-03	-1.689192e+00
4.540664546359417e-03	-1.350702e+00
4.541272125964107e-03	-1.256095e+00
4.541845722526526e-03	-1.181303e+00
4.542428064398123e-03	-1.090200e+00
4.542959185653135e-03	-1.018270e+00
4.543731577349439e-03	-8.985688e-01
4.544563257422392e-03	-7.793297e-01
4.545866019909598e-03	-5.784307e-01
4.547615229570904e-03	-3.193071e-01
4.550763208918512e-03	1.508630e-01
4.555358459411611e-03	7.735428e-01
4.564548960397809e-03	1.708006e+00
4.572153694650092e-03	2.057259e+00
4.575432563207973e-03	2.089878e+00
4.577204317227627e-03	2.069104e+00
4.580084906803584e-03	2.000000e+00
4.584725769988406e-03	1.755529e+00
4.591963360203528e-03	1.101816e+00
4.601963360203527e-03	-2.525692e-01
4.609196289166094e-03	-1.318944e+00
4.612952773790832e-03	-1.753780e+00
4.614736644595851e-03	-1.798658e+00
4.616874056769561e-03	-1.814562e+00
4.618789528842752e-03	-1.823633e+00
4.621184979761774e-03	-1.828576e+00
4.625059138446108e-03	-1.832145e+00
4.626596296142169e-03	-1.831076e+00
4.629097597811021e-03	-1.828732e+00
4.633143845504960e-03	-1.814629e+00
4.636757208413752e-03	-1.772196e+00
4.638442595338637e-03	-1.650125e+00
4.639517688114806e-03	-1.514271e+00
4.640154498195653e-03	-1.415546e+00
4.640543195096688e-03	-1.364215e+00
4.640760176401958e-03	-1.330665e+00
4.640976705928961e-03	-1.301894e+00
4.641130713593771e-03	-1.278864e+00
4.641280125850605e-03	-1.258278e+00
4.641497167388021e-03	-1.226836e+00
4.641762743077133e-03	-1.189013e+00
4.642293894455357e-03	-1.111856e+00
4.643147783390763e-03	-9.869121e-01
4.644855561261574e-03	-7.320309e-01
4.647442222433413e-03	-3.423205e-01
4.652447917610365e-03	3.886140e-01
4.660215801553174e-03	1.330834e+00
4.669725531207184e-03	1.990860e+00
4.674479246856977e-03	2.087739e+00
4.676306387327109e-03	2.083168e+00
4.678626293272411e-03	2.042763e+00
4.682385097534296e-03	1.897979e+00
4.688360558250795e-03	1.468973e+00
4.697303441722031e-03	4.257845e-01
4.707303441722031e-03	-1.049027e+00
4.712305053768230e-03	-1.712185e+00
4.715184256356620e-03	-1.802881e+00
4.718195488271856e-03	-1.820961e+00
4.720668877413633e-03	-1.828082e+00
4.723317900694006e-03	-1.831158e+00
4.725872828327966e-03	-1.831790e+00
4.727920967681827e-03	-1.830008e+00
4.731245980025635e-03	-1.823250e+00
4.736570480669785e-03	-1.774415e+00
4.739192097055644e-03	-1.563632e+00
4.740815169018101e-03	-1.313732e+00
4.741921915854613e-03	-1.173645e+00
4.742613253128439e-03	-1.056619e+00
4.743255050219487e-03	-9.772574e-01
4.743948461304750e-03	-8.604876e-01
4.744639130985161e-03	-7.699363e-01
4.745479776535610e-03	-6.315455e-01
4.746460243728820e-03	-4.949309e-01
4.747735152138534e-03	-2.920092e-01
4.749430189598559e-03	-4.989007e-02
4.751875517767541e-03	3.142028e-01
4.755446777243016e-03	7.833299e-01
4.761353483337295e-03	1.446901e+00
4.770415155118492e-03	2.010099e+00
4.774756219176162e-03	2.094358e+00
4.776409385195833e-03	2.077602e+00
4.778793771101022e-03	2.043995e+00
4.782654958183388e-03	1.879911e+00
4.788781397785713e-03	1.435597e+00
4.797898254824504e-03	3.388910e-01
4.807898254824503e-03	-1.129899e+00
4.811299648096569e-03	-1.601107e+00
4.814944125106308e-03	-1.798892e+00
4.816936519238726e-03	-1.815884e+00
4.818875522343677e-03	-1.823033e+00
4.821178966336868e-03	-1.829138e+00
4.825056795167868e-03	-1.831513e+00
4.826592480548554e-03	-1.831604e+00
4.829091396829023e-03	-1.828024e+00
4.833133876556651e-03	-1.815544e+00
4.835478775074103e-03	-1.794131e+00
4.837776628552263e-03	-1.723404e+00
4.839178667482720e-03	-1.556129e+00
4.839753069386097e-03	-1.473998e+00
4.840290537231806e-03	-1.397128e+00
4.840728537658643e-03	-1.333779e+00
4.840965248282603e-03	-1.301391e+00
4.841201275484886e-03	-1.267131e+00
4.841456330647915e-03	-1.231285e+00
4.841936660765511e-03	-1.161789e+00
4.842511819584409e-03	-1.078612e+00
4.843662137222205e-03	-9.086804e-01
4.845464483719210e-03	-6.389596e-01
4.849069176713219e-03	-9.711529e-02
4.854144935710479e-03	6.204268e-01
4.864144935710479e-03	1.677973e+00
4.871948744873235e-03	2.056944e+00
4.875354182362348e-03	2.089816e+00
4.877076703336011e-03	2.074902e+00
4.879877835033471e-03	2.007022e+00
4.884394912976859e-03	1.781430e+00
4.891461014047823e-03	1.157924e+00
4.901461014047823e-03	-1.731256e-01
4.908259656978921e-03	-1.185446e+00
4.911862465147077e-03	-1.663415e+00
4.914459886924187e-03	-1.793543e+00
4.916166648785089e-03	-1.810606e+00
4.918067188396357e-03	-1.820490e+00
4.919911585316657e-03	-1.826272e+00
4.923600379157255e-03	-1.831350e+00
4.925978653812080e-03	-1.831606e+00
4.928093172707119e-03	-1.829805e+00
4.931524458611327e-03	-1.822115e+00
4.935859059422662e-03	-1.789237e+00
4.938069033956315e-03	-1.693025e+00
4.940626364082277e-03	-1.353179e+00
4.941271543035100e-03	-1.251857e+00
4.941875103247030e-03	-1.174132e+00
4.942416950415062e-03	-1.087718e+00
4.942950613030729e-03	-1.016499e+00
4.943640280723474e-03	-9.082226e-01
4.944392244439003e-03	-8.018890e-01
4.945491821541895e-03	-6.311324e-01
4.946933122504011e-03	-4.190218e-01
4.949307552680329e-03	-5.861460e-02
4.952795778346865e-03	4.363893e-01
4.959772229679938e-03	1.290490e+00
4.969445687594059e-03	1.979345e+00
4.974365155028672e-03	2.091783e+00
4.976263934119666e-03	2.082736e+00
4.978557252851780e-03	2.048947e+00
4.982273777756256e-03	1.903409e+00
4.988186581076380e-03	1.489311e+00
4.997056015656301e-03	4.596015e-01
5.000000000000000e-03	4.608341e-02
